19.8642	7172.6
20.5406	7041.5
21.2169	7099.81
21.8932	6970.66
22.5718	6816.42
23.248	6673.68
23.9241	6608.47
24.6002	6613.76
25.2763	6671
25.9523	6773
26.6283	7129
27.3042	7150.15
27.9801	7170.03
28.6559	7174.74
29.3317	7247
30.0074	7063.86
30.6831	7001.73
31.3587	6962.5
32.0343	7005.38
32.7099	6959
33.3854	7163
34.0608	7368
34.7362	7543.5
35.4116	7602.92
36.0869	7670.08
36.7622	7740.5
37.4374	7753
38.1126	7721
38.7877	7725.26
39.4627	7674.5
40.1378	7725
40.8105	7680.5
41.4854	7833
42.1603	7825.5
42.8351	7956
43.5099	7974.65
44.1847	8015.58
44.8594	8075.5
45.5317	8117.4
46.2063	8135
46.8809	8220.97
47.5554	8260.5
48.2299	8267.83
48.902	8355.5
49.5764	8324.81
50.2507	8325
50.925	8340.4
51.5969	8333.5
52.2711	8331
52.9452	8375
53.6193	8256.5
54.2911	8231
54.9651	8151
55.639	8083.5
56.3106	8035
56.9845	8070.5
57.6583	8206
58.3298	8171.75
59.0035	8177.05
59.6771	8092.27
60.3485	8100.28
61.0221	8285.42
61.6956	8244.49
62.3668	8227.5
63.0402	8209
63.7113	8269.97
64.3847	8156.3
65.0557	8371.22
65.7289	8360.22
66.4021	8169.44
67.073	8226.68
67.7461	8207
68.4168	8224.5
69.0899	8034.5
69.7605	8044
70.4335	8106
71.104	8205
71.7769	8192
72.4474	8138.97
73.1201	8097
73.7905	8168.49
74.4631	8204.5
75.1335	8062.47
75.8037	8179.78
76.4762	8134.93
77.1464	8129.41
77.8188	8163.97
78.4889	8048.5
79.1589	7871.44
79.8312	7812.97
80.5011	7814.45
81.1733	7815.77
81.8431	7866.5
82.5129	7833.98
83.1849	7845.56
83.8546	7849
84.5243	7788
85.1962	7792.31
85.8658	7782.5
86.5353	7734
87.2048	7685.5
87.8765	7717
88.5458	7650.5
89.2152	7637.5
89.8867	7712
90.556	7922.5
91.2252	7833.39
91.8943	7859.19
92.5634	7943
93.2348	7870.24
93.9038	7794.5
94.5727	7885.5
95.2416	7820
95.9105	7684.5
96.5816	7689.5
97.2504	7741.5
97.9191	7712.5
98.5878	7738
99.2564	7685
99.925	7776
100.594	7644
101.262	7489
101.931	7534
102.601	7425.5
103.27	7457
103.938	7373
104.606	7455
105.274	7596.5
105.943	7609
106.611	7540.66
107.279	7604
107.947	7585.5
108.615	7386.5
109.283	7311
109.951	7268.5
110.618	7298.5
111.286	7251.5
111.954	7180.5
112.622	7184.5
113.289	7255.5
113.957	7257
114.625	7357.36
115.29	7356.82
115.957	7284.39
116.625	7344.84
117.292	7402.5
117.96	7244
118.627	7107.5
119.294	7110.5
119.961	7004
120.626	6980.5
121.293	6905
121.96	7015.5
122.627	6998
123.294	7138.5
123.961	7007.85
124.626	7070
125.293	6928
125.96	6937
126.626	6967
127.291	7016
127.957	6946.5
128.624	6987
129.291	6996
129.955	7024.5
130.621	6892
131.288	6779
131.954	6952
132.618	6884.5
133.284	6830
133.951	6874
134.615	6840
135.281	6731.5
135.945	6864
136.611	6905.5
137.277	6845
137.94	6855.5
138.606	6937
139.272	6855.53
139.936	6885.5
140.601	6801
141.265	6687
141.931	6633.5
142.594	6689
143.26	6808
143.925	6662
144.588	6787
145.254	6699.63
145.917	6638
146.582	6669.5
147.245	6714
147.911	6631.5
148.574	6703.5
149.236	6616
149.902	6599
150.564	6642.5
151.229	6507
151.892	6586.5
152.557	6516.5
153.22	6573
153.882	6543
154.547	6574.5
155.21	6529
155.874	6552.5
156.537	6570
157.199	6463.5
157.864	6382.5
158.526	6435.5
159.188	6508
159.853	6419.5
160.515	6520
161.177	6547
161.841	6541
162.503	6515
163.165	6497
163.827	6452
164.491	6495
165.153	6424
165.815	6407
166.477	6504
167.141	6402
167.802	6250
168.464	6354
169.125	6380.5
169.787	6338
170.451	6366.5
171.112	6371.5
171.773	6361.5
172.435	6305
173.096	6428
173.757	6286.5
174.421	6421
175.082	6391
175.743	6365
176.404	6371
177.065	6279
177.726	6413.5
178.387	6335
179.048	6362.5
179.709	6315
180.369	6375
181.03	6427
181.691	6375.5
182.351	6398
183.012	6333.5
183.673	6332
184.333	6372
184.993	6525.5
185.654	6469.5
186.314	6469
186.975	6514.5
187.635	6405.5
188.295	6351
188.955	6428.5
189.615	6350
190.276	6379.69
190.936	6424.5
191.596	6336
192.256	6366
192.913	6287
193.573	6388
194.233	6397
194.893	6482
195.552	6467
196.212	6521
196.872	6419.5
197.529	6458
198.189	6488
198.848	6610
199.508	6642.5
200.165	6495
200.824	6512
201.483	6590
202.143	6642
202.8	6599
203.459	6621
204.118	6555
204.777	6478
205.434	6532
206.093	6435.5
206.752	6486.5
207.409	6559.5
208.067	6517.5
208.726	6495.5
209.383	6446.5
210.042	6449.5
210.7	6412.5
211.357	6440.5
212.015	6460.5
212.674	6430
213.33	6443
213.989	6412.5
214.645	6448.5
215.303	6459
215.959	6470.5
216.617	6455.5
217.276	6443
217.932	6439.5
218.59	6567
219.246	6461
219.904	6397
220.56	6396
221.217	6481.5
221.873	6361
222.531	6442.5
223.187	6484
223.842	6493.5
224.5	6404.5
225.155	6370.5
225.813	6469
226.468	6458
227.126	6504
227.781	6427
228.436	6493
229.094	6421.5
229.749	6417
230.404	6506.5
231.061	6358.5
231.716	6320.5
232.371	6441
233.029	6316
233.683	6251
234.338	6308
234.995	6415
235.65	6360
236.305	6376
236.962	6357
237.616	6400
238.271	6422
238.925	6477
239.582	6548
240.236	6591
240.891	6501
241.545	6602
242.199	6605.5
242.856	6613
243.51	6571.5
244.164	6559
244.818	6631
245.473	6600.5
246.127	6677.5
246.783	6643.5
247.437	6522
248.091	6558
248.744	6618
249.398	6607
250.052	6723.5
250.706	6645
251.359	6598.5
252.013	6575.5
252.667	6667
253.32	6593
253.974	6561
254.627	6657.5
255.28	6629
255.934	6730
256.587	6664
257.24	6583
257.894	6670
258.547	6598
259.2	6637.5
259.853	6692
260.506	6661
261.159	6565
261.812	6610
262.465	6662.5
263.118	6673
263.771	6620
264.423	6787
265.076	6736
265.727	6654.5
266.379	6737
267.032	6740.5
267.684	6667.5
268.337	6735
268.989	6740.5
269.642	6863
270.292	6778
270.944	6813.5
271.596	6855
272.249	6817
272.899	6843
273.551	6845
274.203	6958
274.855	6963
275.505	6727
276.157	6856
276.809	6792
277.461	6891
278.11	6883.5
278.762	6912
279.414	6911
280.063	6896
280.715	6905
281.367	6887.5
282.016	6969
282.667	6914.5
283.319	6978
283.968	6969
284.619	6882
285.269	6989
285.92	7044.5
286.569	7011
287.22	6968.5
287.871	7041.5
288.52	7072.5
289.171	7109
289.82	6943.5
290.471	7066.5
291.12	7079
291.771	7031
292.419	7170.5
293.07	7053
293.719	7065
294.37	7079.5
295.018	7079.5
295.669	7111
296.317	7050.5
296.965	6934
297.616	6895
298.264	6878
298.915	6703
299.563	6757.5
300.211	6676
300.861	6697.5
301.509	6781.5
302.159	6864
302.807	6944.5
303.455	6855
304.105	6914.5
304.753	7113
305.401	7124
306.051	7084
306.698	7072
307.346	7166
307.994	7253
308.643	7063.5
309.291	7143
309.938	7139
310.586	7152.5
311.235	7294
311.883	7198.5
312.53	7268.5
313.177	7266
313.824	7240
314.474	7143.5
315.121	7209.5
315.768	7229
316.415	7094.5
317.062	7134
317.709	7241
318.356	7225.5
319.005	7293
319.651	7322.5
320.298	7352
320.945	7442.5
321.592	7381.5
322.238	7355.5
322.885	7416.5
323.531	7318
324.178	7336
324.824	7421.5
325.471	7442.5
326.117	7442
326.763	7436.5
327.41	7376
328.056	7461
328.702	7414
329.348	7392
329.994	7551
330.64	7522.44
331.286	7505
331.932	7572
332.578	7602.5
333.224	7457
333.87	7652.5
334.516	7599
335.159	7549
335.805	7591
336.45	7532
337.096	7586.5
337.742	7571
338.387	7626
339.033	7722
339.676	7709.5
340.321	7699
340.967	7759
341.612	7641
342.257	7729
342.9	7672
343.545	7838.5
344.19	7771.5
344.835	7751.5
345.478	7742.5
346.123	7767.5
346.768	7719
347.413	7738
348.056	7854
348.701	7844
349.345	7898.5
349.988	7864.5
350.633	7883
351.277	7806.5
351.92	7837.5
352.564	7843
353.207	7912
353.851	7976
354.495	7978
355.138	7990
355.782	7879
356.424	8003
357.068	8066.5
357.713	8075.5
358.354	8031
358.999	8043
359.64	8059.5
360.285	7987.5
360.926	8045.36
361.57	8029.5
362.212	8060
362.856	8191
363.497	8260
364.141	8181.5
364.783	8090
365.426	8085
366.068	8261
366.709	8251
367.353	8300
367.994	8251.5
368.638	8357.5
369.279	8244
369.92	8310
370.563	8244
371.204	8358
371.845	8335
372.489	8380
373.13	8386
373.771	8338
374.414	8427.5
375.054	8531.5
375.695	8400
376.338	8348
376.979	8468.5
377.62	8516.5
378.26	8462.47
378.903	8441
379.544	8400
380.184	8572
380.824	8494
381.467	8614
382.107	8447
382.748	8551
383.388	8614
384.028	8617.5
384.671	8603
385.311	8625
385.951	8666
386.591	8664
387.231	8660.86
387.871	8669
388.511	8668.5
389.151	8772
389.793	8809
390.433	8758.06
391.072	8895
391.712	8848.5
392.352	8718
392.991	8752
393.631	8786.5
394.27	8880
394.91	9000
395.549	8987.5
396.189	8871.5
396.828	9019
397.467	8832
398.107	8878
398.746	8816
399.385	8881
400.024	8988
400.663	8983
401.3	9174
401.939	9114
402.578	9128.5
403.217	9003
403.856	9256
404.495	9156
405.134	9219
405.773	9195.21
406.411	9191
407.048	9182
407.686	9232.5
408.325	9256
408.964	9246.95
409.602	9291
410.238	9223
410.877	9331.5
411.515	9376
412.153	9250
412.789	9383
413.428	9314.5
414.066	9488
414.704	9410
415.34	9380.5
415.978	9313.5
416.616	9398
417.252	9560
417.89	9461
418.528	9592.5
419.163	9690
419.801	9611.5
420.439	9624
421.075	9551
421.712	9637.21
422.35	9625
422.985	9688.5
423.623	9632.5
424.258	9694.5
424.896	9749
425.531	9692
426.168	9574
426.806	9659.5
427.441	9581
428.078	9650
428.713	9689
429.35	9756.5
429.985	9656
430.622	9781
431.257	9802.5
431.892	9861
432.529	9847.5
433.164	9936.5
433.801	9906
434.435	9802
435.072	9819
435.707	9889
436.341	10045.5
436.978	9960
437.612	10121
438.249	10033.5
438.883	10044
439.517	10054
440.154	10133
440.788	10016.5
441.422	10068.5
442.059	10069
442.693	10124.5
443.327	10145.5
443.963	9999
444.597	10142
445.231	10112.5
445.865	10103
446.501	10159.5
447.134	10160.9
447.768	10165.2
448.402	10232
449.036	10129.5
449.671	10254.4
450.305	10134
450.939	10330.5
451.572	10338
452.205	10329
452.839	10312
453.474	10263
454.108	10202
454.741	10288.5
455.374	10292.8
456.007	10272
456.641	10328
457.274	10318.8
457.907	10266
458.54	10344
459.173	10352.5
459.806	10394.9
460.441	10399.7
461.074	10459
461.707	10400
462.339	10466.5
462.972	10429
463.605	10478
464.237	10319
464.868	10378
465.5	10471
466.133	10323
466.765	10454
467.398	10465.5
468.03	10458.5
468.663	10385
469.295	10312.5
469.927	10412.5
470.559	10330.5
471.192	10401
471.824	10518.5
472.454	10431.5
473.086	10308.5
473.718	10516
474.35	10298
474.982	10392
475.611	10396.8
476.243	10401.5
476.875	10491.5
477.507	10394
478.138	10312
478.768	10345
479.4	10386
480.031	10453
480.663	10453
481.292	10263
481.923	10177.5
482.555	10271.5
483.184	10244.5
483.815	10322
484.447	10310
485.076	10231.5
485.707	10168
486.338	10131
486.967	10090.5
487.598	10127
488.229	10241
488.858	9979
489.489	10079.5
490.118	10129
490.749	10028
491.377	10050
492.008	9819
492.639	9721
493.267	9624
493.898	9640
494.527	9661
495.157	9559
495.785	9641.5
496.416	9435
497.044	9453
497.675	9364
498.303	9345
498.933	9295
499.561	9317
500.189	9066
500.82	8988.5
501.448	8954
502.078	9072.5
502.706	8947
503.333	8879
503.963	8648
504.591	8595
505.219	8611.5
505.849	8540.5
506.477	8454
507.104	8240
507.734	8331.5
508.361	8199
508.989	8044.5
509.618	8128
510.246	8053
510.873	8002.5
511.501	7892.5
512.13	7859
512.757	7872
513.384	7721.5
514.012	7647
514.641	7587.5
515.268	7494.5
515.895	7513
516.522	7289
517.149	7460
517.776	7415
518.405	7264.5
519.032	7087
519.658	7116
520.285	7105
520.912	7123
521.539	7001
522.165	6958.5
522.792	6852
523.418	6866.19
524.047	6819
524.673	6868
525.3	6843
525.926	6713
526.552	6754.5
527.179	6690.5
527.805	6687
528.431	6676
529.057	6644.5
529.683	6564
530.309	6527.5
530.935	6534
531.559	6523
532.185	6517
532.811	6291
533.437	6358
534.063	6335
534.689	6192
535.314	6360
535.94	6263.5
536.566	6241
537.191	6303.5
537.815	6201
538.44	6157
539.066	6246
539.691	6222
540.317	6184
540.94	6235
541.565	6110.5
542.19	6115.5
542.816	6041.5
543.441	6044
544.064	6173
544.689	6016
545.314	6098
545.939	6131
546.562	6009.5
547.187	6050
547.812	5988
548.434	6053.5
549.059	5865
549.684	5899.5
550.307	5945
550.931	5962.5
551.556	5851
552.178	5861
552.803	5803.5
553.425	5835
554.05	5830
554.674	5792.64
555.296	5717.34
555.921	5654.6
556.543	5728.39
557.167	5737.67
557.789	5669.01
558.414	5790.86
559.036	5716.31
559.66	5804.66
560.282	5809.31
560.906	5741.14
561.527	5652.89
562.151	5671.51
562.773	5776.96
563.397	5737.41
564.019	5780.29
564.642	5754.02
565.264	5804.82
565.886	5673.69
566.509	5708.8
567.131	5616.37
567.754	5636.15
568.376	5600.15
568.997	5608.76
569.62	5689.02
570.242	5633.45
570.863	5629.9
571.486	5687.22
572.107	5549.26
572.729	5677.75
573.352	5560.96
573.973	5498.2
574.594	5540.24
575.215	5591.82
575.838	5509.85
576.459	5562.13
577.079	5503.7
577.7	5529.06
578.321	5466.24
578.944	5517.46
579.564	5484.39
580.185	5436.5
580.805	5408.19
581.426	5447.26
582.049	5437.45
582.669	5444.16
583.289	5356.69
583.91	5351.14
584.53	5371.7
585.15	5343.9
585.771	5312.99
586.391	5377.09
587.011	5309.58
587.631	5347.65
588.253	5337.29
588.873	5329.78
589.493	5404.93
590.113	5312.78
590.733	5298
591.353	5342.28
591.973	5300.53
592.593	5328.92
593.212	5331.46
593.832	5324.36
594.452	5256.61
595.069	5267.27
595.689	5245.83
596.308	5201.76
596.928	5194.49
597.547	5250.81
598.167	5262.66
598.786	5109.56
599.405	5269.7
600.025	5181.64
600.644	5206.42
601.261	5165.59
601.88	5103.5
602.499	5125.6
603.118	5138.95
603.737	5078.77
604.354	5029.33
604.973	5013.01
605.592	5009.97
606.211	5081.62
606.83	5029.53
607.447	4971.5
608.065	4954.83
608.684	4927.08
609.301	4923.72
609.919	4902.39
610.538	4952.15
611.156	4892.84
611.773	4891.78
612.391	4946.74
613.01	4916.88
613.626	4969.39
614.244	4916.32
614.86	4815.5
615.479	4869.45
616.097	4922.29
616.713	4899.85
617.331	4942.33
617.947	4848.82
618.565	4891.31
619.183	4866.78
619.799	4790.18
620.417	4782.82
621.033	4762.15
621.651	4817.77
622.266	4837.5
622.884	4808.94
623.5	4748.42
624.117	4698.24
624.733	4774
625.351	4758.42
625.966	4770.72
626.584	4811.35
627.199	4747.83
627.814	4654.87
628.432	4734.26
629.047	4767.58
629.664	4678.94
630.279	4692.46
630.894	4656.12
631.512	4706.12
632.127	4671.92
632.742	4564.24
633.359	4584.23
633.974	4549.72
634.589	4573.48
635.206	4643.6
635.82	4574.67
636.435	4608.09
637.05	4645.21
637.667	4589.14
638.281	4526.82
638.896	4581.64
639.51	4534.06
640.127	4568.04
640.741	4549.51
641.356	4546.14
641.97	4502.32
642.585	4494.83
643.201	4480.85
643.815	4475.96
644.43	4509.57
645.044	4580.8
645.658	4499.2
646.272	4444.02
646.886	4394.39
647.502	4418.32
648.116	4432.21
648.73	4404.4
649.344	4391.68
649.958	4433.34
650.572	4364.58
651.185	4345.27
651.799	4407.69
652.413	4383.4
653.027	4438.58
653.64	4343.69
654.254	4385.43
654.867	4375.46
655.481	4409.15
656.094	4391.3
656.708	4325.06
657.321	4383.13
657.934	4331.78
658.548	4393.42
659.161	4318.84
659.772	4317.16
660.385	4371.79
660.998	4306.96
661.612	4321.09
662.225	4285.28
662.838	4392.54
663.451	4327.43
664.061	4354.22
664.674	4391.23
665.287	4277.75
665.9	4374.74
666.513	4283.09
667.123	4342.04
667.736	4352.27
668.349	4319.43
668.961	4301.72
669.572	4204.51
670.184	4319.68
670.797	4328.53
671.409	4302.41
672.019	4301.49
672.632	4271.45
673.244	4349.39
673.854	4303.78
674.467	4183.54
675.079	4266.93
675.689	4191.65
676.301	4274.9
676.913	4286.64
677.523	4372.25
677.998	4223.75
678.618	4205.75
679.239	4180.25
679.859	4175.25
680.48	4167.25
681.1	4292.75
681.718	4230.25
682.339	4317.75
682.959	4273.75
683.579	4212.75
684.199	4339.75
684.82	4215.75
685.44	4268.75
686.06	4333.75
686.678	4354.25
687.298	4217.25
687.918	4250.75
688.538	4263.25
689.157	4278.25
689.777	4349.25
690.395	4276.25
691.015	4232.25
691.634	4318.75
692.254	4247.75
692.872	4244.75
693.491	4234.25
694.111	4205.25
694.73	4272.25
695.348	4294.75
695.967	4238.25
696.586	4416.25
697.204	4369.25
697.823	4358.25
698.442	4425.75
699.059	4486.75
699.678	4436.25
700.298	4522.25
700.915	4457.75
701.534	4527.75
702.153	4532.25
702.769	4531.25
703.388	4578.25
704.005	4563.25
704.624	4665.25
705.241	4598.25
705.859	4713.25
706.478	4745.25
707.095	4710.25
707.713	4769.25
708.33	4674.25
708.948	4652.75
709.565	4700.25
710.183	4819.75
710.8	4668.75
711.418	4656.75
712.034	4701.75
712.653	4633.75
713.269	4584.25
713.885	4534.25
714.503	4560.75
715.119	4546.75
715.737	4492.75
716.353	4518.25
716.971	4498.25
717.587	4430.75
718.203	4442.25
718.821	4438.25
719.437	4530.75
720.052	4522.25
720.67	4427.25
721.286	4414.25
721.901	4428.75
722.519	4353.25
723.134	4367.25
723.75	4430.25
724.367	4414.25
724.983	4312.25
725.598	4377.75
726.214	4377.25
726.831	4319.25
727.446	4349.25
728.061	4262.25
728.676	4344.75
729.292	4324.25
729.909	4291.25
730.524	4294.75
731.139	4296.75
731.754	4350.25
732.368	4287.25
732.985	4266.25
733.6	4345.25
734.215	4374.75
734.83	4299.75
735.444	4394.25
736.059	4288.25
736.674	4291.25
737.288	4401.25
737.903	4386.25
738.519	4375.75
739.134	4353.25
739.748	4397.75
740.363	4314.25
740.977	4216.25
741.591	4407.25
742.206	4322.25
742.82	4307.75
743.434	4322.25
744.048	4319.75
744.662	4325.25
745.276	4369.75
745.89	4295.25
746.504	4342.25
747.118	4376.25
747.732	4317.25
748.344	4372.25
748.957	4335.75
749.571	4354.25
750.185	4322.25
750.799	4303.75
751.412	4306.25
752.026	4318.25
752.639	4346.25
753.253	4296.75
753.864	4220.25
754.478	4275.75
755.091	4256.75
755.704	4290.25
756.318	4282.75
756.929	4377.75
757.542	4368.75
758.155	4449.25
758.768	4420.75
759.382	4459.25
759.993	4502.25
760.606	4394.25
761.219	4487.75
761.829	4514.25
762.442	4533.25
763.055	4516.75
763.668	4480.25
764.279	4458.25
764.891	4543.25
765.504	4456.25
766.115	4489.75
766.727	4500.25
767.34	4470.75
767.95	4524.25
768.563	4497.25
769.173	4578.25
769.786	4501.25
770.398	4547.25
771.008	4430.25
771.621	4631.25
772.231	4591.25
772.843	4605.25
773.453	4585.75
774.065	4568.75
774.677	4653.25
775.287	4558.25
775.899	4561.25
776.509	4638.25
777.121	4544.25
777.731	4598.75
778.341	4465.25
778.953	4581.25
779.562	4496.25
780.174	4633.75
780.784	4675.75
781.395	4714.75
782.005	4711.25
782.616	4701.75
783.226	4665.75
783.835	4593.25
784.447	4641.75
785.056	4782.25
785.665	4635.75
786.277	4765.25
786.886	4676.25
787.495	4719.25
788.106	4774.75
788.715	4686.25
789.324	4749.25
789.935	4781.25
790.544	4776.25
791.153	4713.25
791.762	4757.25
792.373	4835.25
792.982	4819.25
793.591	4717.25
794.199	4672.25
794.81	4670.75
795.419	4762.25
796.027	4748.25
796.636	4760.25
797.244	4676.25
797.855	4729.75
798.463	4716.75
799.072	4734.25
799.68	4798.25
800.288	4696.75
800.897	4739.25
801.505	4785.25
802.115	4718.75
802.723	4785.25
803.331	4720.25
803.94	4705.25
804.548	4796.25
805.156	4753.75
805.764	4714.25
806.372	4732.25
806.979	4708.75
807.587	4736.25
808.195	4757.75
808.803	4659.75
809.41	4768.25
810.018	4750.25
810.626	4692.25
811.233	4672.25
811.841	4626.75
812.448	4656.75
813.056	4568.75
813.663	4508.25
814.271	4523.25
814.878	4423.75
815.485	4353.75
816.091	4433.25
816.698	4338.75
817.305	4392.25
817.912	4310.25
818.519	4348.25
819.126	4435.25
819.734	4380.25
820.338	4615.75
820.945	4573.25
821.552	4611.75
822.159	4551.25
822.766	4563.75
823.371	4519.25
823.977	4611.25
824.584	4512.75
825.191	4513.25
825.795	4465.75
826.402	4387.25
827.009	4471.25
827.615	4362.25
828.22	4469.75
828.826	4342.25
829.432	4392.75
830.037	4479.25
830.643	4403.75
831.249	4337.75
831.853	4484.25
832.46	4398.75
833.066	4420.25
833.67	4290.75
834.276	4416.25
834.88	4361.25
835.486	4440.25
836.092	4367.75
836.696	4356.25
837.302	4407.75
837.905	4408.75
838.511	4334.25
839.115	4429.25
839.721	4327.25
840.324	4358.75
840.93	4293.75
841.533	4393.75
842.139	4349.75
842.742	4237.25
843.348	4284.25
843.951	4346.25
844.557	4371.25
845.16	4386.25
845.765	4314.75
846.369	4342.75
846.972	4276.75
847.577	4211.25
848.18	4345.25
848.785	4291.25
849.388	4310.25
849.991	4396.75
850.596	4471.25
851.199	4279.25
851.802	4381.75
852.407	4369.25
853.01	4408.25
853.612	4327.25
854.217	4325.75
854.82	4414.75
855.422	4491.75
856.025	4332.25
856.63	4354.25
857.232	4355.75
857.835	4357.25
858.437	4396.75
859.041	4318.75
859.644	4410.25
860.246	4400.75
860.848	4432.75
861.451	4506.75
862.055	4414.75
862.657	4397.25
863.259	4477.75
863.861	4445.25
864.463	4389.25
865.065	4480.25
865.667	4412.25
866.271	4470.75
866.873	4461.25
867.475	4422.25
868.077	4528.75
868.678	4551.25
869.28	4449.25
869.882	4500.25
870.483	4558.25
871.085	4473.25
871.687	4478.25
872.288	4513.25
872.89	4443.25
873.491	4585.75
874.092	4509.25
874.694	4545.25
875.295	4574.25
875.896	4668.25
876.498	4607.25
877.099	4598.75
877.7	4638.25
878.301	4687.25
878.902	4639.25
879.503	4608.75
880.102	4606.25
880.703	4561.25
881.304	4614.25
881.905	4590.75
882.506	4585.25
883.107	4668.25
883.707	4745.75
884.306	4726.25
884.907	4703.25
885.507	4692.25
886.108	4685.25
886.709	4747.25
887.307	4732.75
887.908	4687.25
888.508	4751.25
889.109	4729.25
889.707	4805.75
890.307	4726.75
890.907	4703.75
891.508	4669.25
892.106	4864.25
892.706	4847.25
893.306	4852.75
893.904	4747.25
894.504	4795.75
895.104	4824.75
895.702	4843.25
896.302	4826.25
896.9	4813.75
897.5	4850.25
898.1	4877.75
898.698	4873.25
899.297	4887.25
899.895	4830.25
900.495	4860.25
901.092	4898.67
901.692	4931.25
902.291	4927.25
902.889	4939.25
903.488	4967.75
904.086	4879.25
904.685	4948.75
905.282	4965.25
905.882	4878.25
906.479	4994.75
907.078	5010.75
907.675	4994.25
908.272	4995.75
908.872	5061.25
909.469	4977.75
910.068	4953.25
910.665	5089.75
911.261	5035.25
911.86	5040.25
912.457	5049.75
913.056	5113.25
913.653	5016.75
914.25	4973.25
914.848	5052.86
915.445	5017.25
916.042	5089.75
916.64	5129.75
917.237	5127.75
917.833	5086.75
918.43	5107.75
919.028	5164.25
919.625	5104.75
920.221	5063.75
920.817	5084.75
921.415	5130.75
922.012	5114.75
922.608	5030.25
923.204	5058.25
923.8	5120.75
924.398	5042.25
924.994	5143.75
925.59	5134.25
926.186	5122.75
926.782	5139.25
927.378	5192.25
927.974	5077.25
928.572	5126.25
929.167	5129.75
929.763	5091.25
930.359	5148.25
930.954	5129.75
931.55	5160.25
932.146	5128.75
932.741	5097.75
933.337	5032.25
933.932	5027.25
934.527	5062.75
935.123	5062.25
935.718	5115.25
936.313	5112.25
936.909	5126.25
937.504	5016.75
938.099	5033.25
938.694	5028.25
939.289	5135.25
939.884	5060.75
940.479	5096.25
941.074	5211.25
941.669	5140.25
942.262	5161.25
942.857	5145.25
943.452	5204.25
944.047	5198.75
944.641	5175.75
945.236	5232.75
945.831	5154.25
946.423	5198.75
947.018	5235.75
947.612	5178.25
948.207	5270.75
948.801	5155.25
949.394	5191.75
949.988	5192.25
950.583	5258.25
951.177	5215.75
951.769	5228.75
952.363	5295.25
952.958	5219.75
953.55	5195.75
954.144	5281.25
954.738	5194.75
955.33	5255.25
955.924	5215.06
956.518	5206.75
957.11	5271.25
957.704	5143.25
958.298	5195.25
958.889	5209.25
959.483	5278.25
960.077	5199.75
960.669	5195.25
961.262	5136.25
961.854	5283.25
962.447	5207.75
963.039	5253.25
963.632	5237.25
964.224	5173.25
964.817	5234.25
965.409	5216.25
966.002	5237.25
966.593	5251.25
967.187	5237.25
967.778	5203.25
968.371	5267.25
968.962	5212.75
969.555	5145.75
970.146	5202.25
970.739	5161.75
971.33	5214.75
971.921	5203.75
972.514	5269.75
973.105	5292.25
973.698	5311.25
974.289	5356.25
974.879	5299.75
975.472	5214.75
976.063	5279.25
976.653	5290.25
977.246	5231.25
977.837	5250.25
978.427	5274.25
979.018	5255.75
979.61	5197.25
980.2	5211.25
980.791	5227.25
981.383	5245.25
981.973	5287.75
982.564	5262.25
983.154	5244.25
983.744	5347.75
984.336	5238.25
984.926	5239.25
985.516	5259.25
986.106	5317.25
986.696	5269.25
987.286	5227.25
987.878	5329.75
988.468	5340.75
989.058	5232.75
989.648	5382.25
990.237	5269.25
990.827	5387.25
991.417	5301.75
992.006	5198.25
992.596	5281.25
993.186	5271.75
993.775	5299.25
994.365	5263.25
994.954	5341.75
995.544	5242.25
996.133	5213.25
996.722	5353.25
997.311	5335.25
997.901	5377.75
998.49	5420.75
999.079	5286.25
999.668	5339.75
1000.26	5350.25
1000.85	5269.25
1001.44	5393.25
1002.02	5348.25
1002.61	5259.25
1003.2	5236.25
1003.79	5295.25
1004.38	5290.25
1004.97	5378.25
1005.56	5309.75
1006.14	5374.25
1006.73	5396.25
1007.32	5336.25
1007.91	5236.25
1008.5	5321.25
1009.09	5191.25
1009.67	5293.25
1010.26	5323.25
1010.85	5336.25
1011.44	5245.75
1012.03	5305.75
1012.61	5294.25
1013.2	5293.25
1013.79	5217.25
1014.38	5391.25
1014.96	5386.75
1015.55	5360.25
1016.14	5392.25
1016.72	5259.25
1017.31	5423.25
1017.9	5271.75
1018.49	5379.25
1019.07	5387.75
1019.66	5380.75
1020.25	5381.75
1020.84	5399.25
1021.42	5425.25
1022.01	5326.75
1022.59	5258.75
1023.18	5283.25
1023.77	5341.25
1024.36	5341.25
1024.94	5401.75
1025.53	5374.25
1026.11	5299.25
1026.7	5369.25
1027.29	5399.75
1027.87	5298.25
1028.46	5358.25
1029.05	5459.75
1029.63	5410.75
1030.22	5441.75
1030.8	5365.75
1031.39	5357.25
1031.98	5425.75
1032.56	5272.25
1033.15	5326.25
1033.73	5338.28
1034.32	5351.75
1034.9	5300.25
1035.49	5314.25
1036.07	5351.75
1036.66	5436.25
1037.25	5487.75
1037.83	5427.75
1038.42	5473.75
1039	5460.25
1039.59	5458.75
1040.17	5433.25
1040.76	5380.25
1041.34	5410.25
1041.93	5448.25
1042.51	5423.75
1043.1	5455.75
1043.68	5458.25
1044.27	5469.75
1044.85	5371.25
1045.43	5487.75
1046.02	5556.75
1046.6	5501.25
1047.19	5424.25
1047.77	5483.75
1048.36	5454.25
1048.94	5426.25
1049.52	5416.75
1050.11	5450.75
1050.69	5345.25
1051.28	5398.75
1051.86	5429.75
1052.44	5369.59
1053.03	5441.17
1053.61	5409.98
1054.2	5311.52
1054.78	5306.59
1055.36	5355.81
1055.95	5374.95
1056.53	5369.59
1057.11	5444.06
1057.7	5372.72
1058.28	5392
1058.86	5344.02
1059.44	5393.86
1060.03	5455.04
1060.61	5312.22
1061.19	5374.32
1061.78	5481.48
1062.36	5426.28
1062.94	5392.64
1063.53	5410.47
1064.11	5470.06
1064.69	5484.24
1065.27	5454.08
1065.86	5451.03
1066.44	5472.12
1067.02	5484.4
1067.6	5487.35
1068.18	5428.71
1068.77	5388.52
1069.35	5448.71
1069.93	5381.75
1070.51	5421.95
1071.1	5498.91
1071.68	5466.02
1072.26	5443.5
1072.84	5484.45
1073.42	5478.78
1074	5375.85
1074.59	5514.41
1075.17	5475.53
1075.75	5475.53
1076.33	5510.5
1076.91	5424.67
1077.49	5408.92
1078.07	5458.22
1078.66	5443.2
1079.24	5405.21
1079.82	5492.55
1080.4	5453.13
1080.98	5430.21
1081.56	5544.02
1082.14	5501.91
1082.72	5458.96
1083.3	5507.5
1083.89	5499.92
1084.47	5456.45
1085.05	5529.43
1085.63	5482.59
1086.21	5522.98
1086.79	5512.83
1087.37	5483.17
1087.95	5508.02
1088.53	5494.09
1089.11	5500.27
1089.69	5610.12
1090.27	5568.46
1090.85	5583.56
1091.43	5468.57
1092.01	5624.89
1092.59	5575.38
1093.17	5547.26
1093.75	5599.27
1094.33	5646.54
1094.91	5642.22
1095.49	5663.34
1096.07	5668.75
1096.65	5659.15
1097.23	5545.98
1097.8	5655.77
1098.38	5683.14
1098.96	5683.57
1099.54	5732.39
1100.12	5670.38
1100.7	5626.02
1101.28	5558.85
1101.86	5538.67
1102.44	5577.3
1103.02	5517.96
1103.59	5703.71
1104.17	5646.69
1104.75	5711.58
1105.33	5733.62
1105.91	5742.96
1106.49	5722.59
1107.07	5752.99
1107.64	5783.06
1108.22	5792.75
1108.8	5887.01
1109.38	5798.93
1109.96	5877.8
1110.53	5875.82
1111.11	5777.6
1111.69	5803.25
1112.27	5848.8
1112.85	5884.17
1113.42	5882.14
1114	5820.22
1114.58	5844.24
1115.16	5870.6
1115.74	5913.87
1116.31	5900.56
1116.89	5910.96
1117.47	5964.91
1118.05	5879.8
1118.62	5941.97
1119.2	5887.46
1119.78	5939.47
1120.35	5830.86
1120.93	5904.3
1121.51	5915.49
1122.08	5940.78
1122.66	5897.55
1123.24	5942.42
1123.82	5983.89
1124.39	5938.44
1124.97	5963.44
1125.55	5948.6
1126.12	6013.11
1126.7	5929.38
1127.27	5932.2
1127.85	6000.31
1128.43	5956.34
1129	5948.14
1129.58	5915.41
1130.16	5941.57
1130.73	5939.06
1131.31	5912.01
1131.88	5943.57
1132.46	5964.7
1133.04	5919.82
1133.61	5944.48
1134.19	5913.97
1134.76	6040.94
1135.34	5984.67
1135.91	6039.19
1136.49	5892.08
1137.07	5944.08
1137.64	5941.97
1138.22	5944.63
1138.79	5865.62
1139.37	5781.74
1139.94	5808.61
1140.52	5830.36
1141.09	5842.85
1141.67	5925.96
1142.24	5874.29
1142.82	5812.41
1143.39	5818.76
1143.97	5844.19
1144.54	5843.96
1145.12	5891.24
1145.69	5935.7
1146.27	5963.02
1146.84	5966.12
1147.41	5868.47
1147.99	5984.12
1148.56	5966.8
1149.14	5807.67
1149.71	5909.32
1150.28	6040.48
1150.86	5931.65
1151.43	5938.69
1152.01	5900.29
1152.58	5900.91
1153.16	5882.34
1153.73	5949.75
1154.3	5935.94
1154.88	5875.49
1155.45	5845.38
1156.02	5944.24
1156.6	5982.59
1157.17	5974.33
1157.74	5915.56
1158.32	5930.28
1158.89	5791.58
1159.46	5856.37
1160.04	5840.35
1160.61	5930.58
1161.18	5848.14
1161.76	5896.04
1162.33	5856.93
1162.9	5921.78
1163.47	5869.15
1164.05	5891.61
1164.62	5916.83
1165.19	5821.39
1165.77	5956.63
1166.34	5858.5
1166.91	5813.78
1167.48	5764.76
1168.06	5748.39
1168.63	5842.93
1169.2	5829.75
1169.45	5695.75
1170.03	5844.25
1170.61	5845.25
1171.19	5810.25
1171.77	5816.75
1172.35	5809.25
1172.93	5865.75
1173.51	5886.25
1174.09	5821.75
1174.68	5848.75
1175.26	5829.75
1175.84	5828.75
1176.42	5743.75
1177	5742.25
1177.58	5677.25
1178.16	5790.75
1178.74	5714.75
1179.32	5743.75
1179.9	5748.25
1180.48	5774.75
1181.06	5697.75
1181.64	5625.75
1182.22	5561.75
1182.8	5703.25
1183.38	5597.25
1183.96	5678.75
1184.54	5665.75
1185.12	5720.75
1185.7	5634.25
1186.28	5673.75
1186.86	5650.25
1187.44	5513.75
1188.02	5639.75
1188.6	5669.25
1189.18	5644.75
1189.76	5697.25
1190.34	5621.75
1190.91	5632.25
1191.49	5634.75
1192.07	5645.75
1192.65	5689.75
1193.23	5633.75
1193.81	5710.75
1194.39	5655.75
1194.97	5646.75
1195.55	5575.75
1196.13	5605.25
1196.71	5638.75
1197.28	5635.75
1197.86	5656.25
1198.44	5603.75
1199.02	5611.75
1199.6	5627.25
1200.18	5597.06
1200.75	5538.75
1201.33	5600.25
1201.91	5591.75
1202.49	5559.25
1203.07	5550.75
1203.64	5480.75
1204.22	5467.75
1204.8	5546.25
1205.38	5502.75
1205.96	5540.75
1206.53	5568.75
1207.11	5551.25
1207.69	5526.25
1208.27	5502.75
1208.84	5474.75
1209.42	5527.25
1210	5508.75
1210.58	5517.25
1211.15	5437.75
1211.73	5507.75
1212.31	5458.75
1212.88	5421.25
1213.46	5481.25
1214.04	5478.75
1214.62	5437.75
1215.19	5396.25
1215.77	5377.75
1216.35	5467.75
1216.92	5384.75
1217.5	5415.75
1218.08	5476.75
1218.65	5442.75
1219.23	5371.25
1219.81	5413.75
1220.38	5463.75
1220.96	5340.75
1221.54	5427.75
1222.11	5373.75
1222.69	5404.75
1223.26	5312.25
1223.84	5316.75
1224.42	5378.75
1224.99	5405.25
1225.57	5369.25
1226.14	5352.75
1226.72	5350.75
1227.29	5388.75
1227.87	5226.75
1228.45	5367.25
1229.02	5323.25
1229.6	5318.75
1230.17	5303.75
1230.75	5290.25
1231.32	5303.75
1231.9	5247.75
1232.48	5357.75
1233.05	5309.75
1233.62	5331.25
1234.2	5311.25
1234.77	5288.75
1235.35	5312.83
1235.92	5313.75
1236.5	5255.75
1237.07	5303.77
1237.65	5301.98
1238.22	5299.11
1238.8	5297.64
1239.37	5296.68
1239.95	5292.29
1240.52	5289.66
1241.1	5287.5
1241.67	5287.62
1242.24	5288.72
1242.82	5287.19
1243.39	5285.23
1243.97	5284.75
1244.54	5246.75
1245.12	5342.75
1245.69	5333.75
1246.26	5288.75
1246.84	5258.75
1247.41	5263.25
1247.99	5232.25
1248.56	5322.75
1249.13	5312.75
1249.71	5284.25
1250.28	5328.25
1250.85	5257.75
1251.43	5291.75
1252	5276.25
1252.57	5333.25
1253.15	5277.75
1253.72	5348.75
1254.29	5277.25
1254.87	5273.25
1255.44	5267.75
1256.01	5281.04
1256.58	5281.14
1257.16	5307.25
1257.73	5294.25
1258.3	5370.75
1258.87	5301.75
1259.45	5307.75
1260.02	5228.75
1260.59	5253.25
1261.17	5215.75
1261.74	5238.75
1262.31	5221.75
1262.88	5225.75
1263.45	5300.75
1264.03	5279.75
1264.6	5277.25
1265.17	5255.75
1265.74	5310.07
1266.31	5222.75
1266.89	5353.75
1267.46	5391.75
1268.03	5339.75
1268.6	5365.75
1269.17	5302.25
1269.75	5406.25
1270.32	5329.16
1270.89	5339.75
1271.46	5347.75
1272.03	5456.25
1272.6	5391.25
1273.17	5373.75
1273.75	5351.75
1274.32	5324.75
1274.89	5333.75
1275.46	5369.75
1276.03	5327.75
1276.6	5332.58
1277.17	5333.62
1277.74	5413.75
1278.31	5397.25
1278.88	5338.25
1279.46	5346.75
1280.03	5377.75
1280.6	5418.25
1281.17	5361.25
1281.74	5335.75
1282.31	5333.75
1282.88	5508.75
1283.45	5429.75
1284.02	5364.62
1284.59	5376.75
1285.16	5373.75
1285.73	5368.25
1286.3	5338.25
1286.87	5363.25
1287.44	5382.75
1288.01	5510.75
1288.58	5468.75
1289.15	5451.75
1289.72	5394.25
1290.29	5413.75
1290.86	5355.75
1291.43	5453.75
1292	5475.75
1292.57	5479.25
1293.14	5333.75
1293.7	5399.75
1294.28	5353.75
1294.84	5416.98
1295.41	5418.74
1295.98	5421.99
1296.55	5425.12
1297.12	5427.56
1297.69	5429.85
1298.26	5432.26
1298.83	5435.8
1299.4	5437.4
1299.96	5437.62
1300.53	5391.75
1301.1	5440.75
1301.67	5559.75
1302.24	5475.75
1302.81	5496.25
1303.38	5403.75
1303.94	5543.25
1304.51	5485.96
1305.08	5491.75
1305.65	5470.25
1306.22	5493.75
1306.78	5519.14
1307.35	5598.25
1307.92	5455.75
1308.49	5607.75
1309.06	5523.75
1309.62	5576.75
1310.19	5520.75
1310.76	5453.75
1311.33	5453.75
1311.9	5479.75
1312.46	5599.25
1313.03	5482.75
1313.6	5631.75
1314.16	5535.75
1314.73	5614.75
1315.3	5554.75
1315.87	5515.75
1316.43	5492.75
1317	5451.75
1317.57	5487.75
1318.13	5530.25
1318.7	5516.25
1319.27	5560.75
1319.83	5620.25
1320.4	5650.75
1320.97	5498.75
1321.54	5637.75
1322.1	5601.75
1322.67	5569.75
1323.24	5525.25
1323.8	5585.25
1324.37	5640.75
1324.93	5605.75
1325.5	5592.25
1326.07	5559.75
1326.63	5485.75
1327.2	5664.75
1327.77	5554.25
1328.33	5651.75
1328.9	5606.25
1329.46	5643.25
1330.03	5624.75
1330.59	5578.75
1331.16	5615.25
1331.73	5614.25
1332.29	5621.25
1332.86	5653.25
1333.42	5685.25
1333.99	5701.25
1334.55	5645.75
1335.12	5608.75
1335.68	5683.25
1336.25	5653.75
1336.81	5594.75
1337.38	5679.75
1337.95	5662.75
1338.51	5663.75
1339.07	5682.75
1339.64	5774.75
1340.2	5721.25
1340.77	5630.75
1341.33	5779.75
1341.9	5704.75
1342.46	5732.25
1343.03	5747.75
1343.59	5736.75
1344.16	5710.75
1344.72	5803.25
1345.28	5640.75
1345.85	5689.25
1346.41	5694.25
1346.98	5685.25
1347.54	5740.75
1348.11	5788.25
1348.67	5759.75
1349.23	5701.25
1349.8	5692.25
1350.36	5641.75
1350.93	5716.75
1351.49	5681.75
1352.05	5757.75
1352.62	5760.75
1353.18	5785.75
1353.74	5882.75
1354.31	5758.25
1354.87	5792.25
1355.44	5798.75
1356	5689.75
1356.56	5833.75
1357.12	5771.75
1357.69	5769.75
1358.25	5884.25
1358.81	5808.25
1359.38	5810.25
1359.94	5871.75
1360.5	5831.25
1361.07	5914.75
1361.63	5774.75
1362.19	5877.25
1362.75	5753.75
1363.32	5734.75
1363.88	5826.75
1364.44	5721.25
1365	5704.75
1365.57	5683.75
1366.13	5831.75
1366.69	5842.75
1367.25	5967.25
1367.81	5813.75
1368.38	5852.75
1368.94	5898.25
1369.5	5770.75
1370.06	5905.75
1370.63	5894.25
1371.19	5912.75
1371.75	5942.75
1372.31	5801.25
1372.87	5870.75
1373.43	5819.25
1373.99	5857.75
1374.56	5882.75
1375.12	5928.75
1375.68	5945.25
1376.24	5878.75
1376.8	5835.75
1377.36	5852.75
1377.92	5939.25
1378.49	5937.25
1379.05	5896.75
1379.61	5975.75
1380.17	5953.25
1380.73	5928.75
1381.29	5930.75
1381.85	5954.25
1382.41	5818.25
1382.97	5956.75
1383.53	5801.75
1384.1	5824.75
1384.65	5987.75
1385.21	5960.75
1385.78	5924.75
1386.34	6005.75
1386.9	5989.25
1387.46	5987.75
1388.02	6032.75
1388.58	5983.75
1389.14	5943.75
1389.7	5922.75
1390.26	6023.75
1390.82	5981.75
1391.38	6021.25
1391.94	5899.75
1392.5	5943.75
1393.06	5857.75
1393.62	6032.75
1394.18	5961.75
1394.73	6025.25
1395.29	5946.75
1395.86	6026.25
1396.41	6110.75
1396.97	6025.25
1397.53	6005.75
1398.09	6015.75
1398.65	5999.75
1399.21	6097.25
1399.77	6065.75
1400.33	6073.75
1400.89	6086.25
1401.45	6046.75
1402	6020.75
1402.56	6019.75
1403.12	6039.75
1403.68	6069.75
1404.24	6065.25
1404.8	6102.25
1405.36	6117.75
1405.92	6047.75
1406.47	6009.75
1407.03	5947.75
1407.59	6083.25
1408.15	5993.25
1408.71	5922.25
1409.27	5952.75
1409.82	5937.25
1410.38	5968.25
1410.94	6014.25
1411.5	6011.75
1412.06	5895.75
1412.61	6061.75
1413.17	6058.25
1413.73	6079.25
1414.29	6126.75
1414.84	6152.25
1415.4	6085.75
1415.96	6067.25
1416.52	6090.25
1417.07	6134.75
1417.63	6114.25
1418.19	6152.75
1418.74	6133.25
1419.3	6201.25
1419.86	6196.25
1420.42	6083.25
1420.97	6093.25
1421.53	6185.25
1422.09	6039.75
1422.64	6161.75
1423.2	6234.75
1423.76	6207.75
1424.32	6145.75
1424.87	6109.25
1425.43	6100.75
1425.98	6167.75
1426.54	6104.25
1427.1	6011.75
1427.65	6255.25
1428.21	6232.25
1428.77	6178.25
1429.32	6213.75
1429.88	6153.75
1430.44	6265.75
1430.99	6169.75
1431.55	6262.25
1432.1	6220.75
1432.66	6232.25
1433.21	6145.25
1433.77	6164.75
1434.33	6115.25
1434.88	6295.75
1435.44	6107.75
1435.99	6169.75
1436.55	6159.75
1437.1	6214.75
1437.66	6255.75
1438.21	6323.25
1438.77	6351.75
1439.32	6178.75
1439.88	6239.75
1440.44	6280.25
1440.99	6278.75
1441.55	6297.75
1442.1	6300.75
1442.65	6330.75
1443.21	6308.25
1443.77	6297.25
1444.32	6238.75
1444.88	6296.25
1445.43	6340.75
1445.98	6302.75
1446.54	6293.25
1447.09	6337.75
1447.65	6351.75
1448.2	6254.75
1448.76	6330.78
1449.31	6313.75
1449.86	6391.25
1450.42	6349.25
1450.97	6375.25
1451.53	6353.75
1452.08	6317.75
1452.64	6357.75
1453.19	6291.25
1453.74	6280.25
1454.3	6276.25
1454.85	6285.25
1455.4	6375.75
1455.96	6318.75
1456.51	6283.25
1457.07	6289.25
1457.62	6321.75
1458.17	6261.75
1458.72	6328.25
1459.28	6358.25
1459.83	6371.75
1460.38	6316.75
1460.94	6210.25
1461.49	6388.75
1462.04	6307.75
1462.6	6394.25
1463.15	6259.75
1463.7	6343.75
1464.26	6358.75
1464.81	6385.25
1465.36	6336.75
1465.91	6405.25
1466.47	6386.25
1467.02	6271.75
1467.57	6331.25
1468.12	6305.75
1468.68	6344.75
1469.23	6354.67
1469.78	6361.75
1470.33	6356.25
1470.89	6380.75
1471.44	6401.75
1471.99	6393.75
1472.54	6467.25
1473.09	6356.75
1473.64	6330.75
1474.2	6428.75
1474.75	6369.25
1475.3	6502.75
1475.85	6372.75
1476.4	6387.47
1476.96	6240.75
1477.51	6411.25
1478.06	6353.75
1478.61	6362.75
1479.16	6357.75
1479.71	6345.75
1480.26	6357.75
1480.82	6404.25
1481.37	6426.75
1481.92	6393.25
1482.47	6443.75
1483.02	6481.75
1483.57	6467.75
1484.12	6518.75
1484.67	6564.25
1485.22	6422.75
1485.77	6463.75
1486.32	6473.75
1486.87	6408.75
1487.43	6502.75
1487.98	6400.75
1488.53	6504.75
1489.08	6541.75
1489.63	6416.25
1490.18	6466.75
1490.73	6343.75
1491.28	6391.25
1491.83	6397.75
1492.38	6454.75
1492.93	6566.75
1493.48	6479.75
1494.03	6545.25
1494.58	6529.75
1495.13	6479.75
1495.68	6542.25
1496.23	6465.75
1496.78	6482.75
1497.33	6585.75
1497.88	6515.75
1498.43	6561.25
1498.97	6503.25
1499.52	6491.75
1500.07	6520.75
2499.77	13537.9
2500.26	13592.4
2500.74	13597.8
2501.22	13603.3
2501.7	13608.7
2502.18	13614.2
2502.66	13619.6
2503.15	13625.1
2503.63	13630.5
2504.11	13636
2504.59	13636
2505.07	13636
2505.55	13636
2506.04	13636
2506.52	13636
2507	13636
2507.48	13636
2507.96	13636
2508.44	13467.8
2508.93	13644.8
2509.41	13531.8
2509.89	13529.2
2510.37	13694.2
2510.85	13660.2
2511.33	13576.8
2511.81	13611.8
2512.29	13557.3
2512.77	13547.8
2513.26	13524.8
2513.74	13499.8
2514.22	13488.8
2514.7	13570.2
2515.18	13612.8
2515.66	13661.8
2516.14	13539.8
2516.62	13465.8
2517.1	13470.2
2517.58	13469.8
2518.06	13552.2
2518.54	13643.2
2519.02	13670.8
2519.5	13828.8
2519.98	13716.4
2520.46	13772.8
2520.94	13753.2
2521.42	13680.8
2521.9	13646.8
2522.38	13616.2
2522.86	13800.8
2523.34	13786.8
2523.82	13780.2
2524.3	13795.2
2524.78	13757.5
2525.26	13758.8
2525.74	13727.2
2526.22	13701.2
2526.7	13725.8
2527.18	13676.8
2527.66	13588.8
2528.14	13787.2
2528.62	13760.8
2529.1	13717.8
2529.58	13777.8
2530.06	13686.8
2530.54	13815.8
2531.02	13632.8
2531.5	13718.6
2531.97	13691.8
2532.45	13735.8
2532.93	13825.8
2533.41	13739.8
2533.89	13751.8
2534.37	13779.8
2534.85	13808.2
2535.33	13856.8
2535.81	13724.8
2536.29	13713.8
2536.76	13780.2
2537.24	13825.2
2537.72	13801.2
2538.2	13853.8
2538.68	13863.8
2539.16	13752.8
2539.64	13551.8
2540.11	13559.8
2540.59	13534.2
2541.07	13424.4
2541.55	13378.9
2542.03	13307.2
2542.51	13288.8
2542.98	13396.2
2543.46	13401.8
2543.94	13516.8
2544.42	13561.2
2544.9	13654.8
2545.37	13609.2
2545.85	13647.4
2546.33	13702.2
2546.81	13725.8
2547.29	13695.8
2547.76	13920.8
2548.24	13948.2
2548.72	13868.2
2549.19	13835.8
2549.67	13928.2
2550.15	13949.8
2550.63	13897.8
2551.11	13916.8
2551.58	13971.8
2552.06	13875.8
2552.54	13946.8
2553.01	13848.8
2553.49	13765.8
2553.97	13771.8
2554.45	13784.8
2554.92	13653.8
2555.4	13828.8
2555.88	13709.2
2556.35	13920.8
2556.83	13999.2
2557.31	13944.8
2557.78	14095.2
2558.26	13948.8
2558.74	14061.2
2559.21	14000.2
2559.69	13971.2
2560.17	13853.2
2560.64	13944.2
2561.12	13881.8
2561.6	13918.2
2562.07	13888.9
2562.55	13996.2
2563.03	13835.8
2563.5	13807.3
2563.98	13788.2
2564.46	13827.8
2564.93	13801.2
2565.41	13862.9
2565.88	13839.2
2566.36	13964.2
2566.84	14075.8
2567.31	14159.8
2567.79	14104.2
2568.26	14107.8
2568.74	14009.2
2569.21	13896.2
2569.69	13879.8
2570.17	13729.8
2570.64	13664.8
2571.12	13649.8
2571.59	13583.8
2572.07	13415.8
2572.54	13597.8
2573.02	13549.8
2573.49	13556
2573.97	13566.2
2574.44	13592.8
2574.92	13761.8
2575.39	13843.8
2575.87	13955.8
2576.35	14011.2
2576.82	14064.8
2577.3	14024.8
2577.77	13998.8
2578.24	14029.2
2578.72	13941.8
2579.2	14079.8
2579.67	14034.2
2580.14	14153.2
2580.62	14131.8
2581.09	13932.8
2581.57	14091.8
2582.04	13994.2
2582.52	14075.8
2582.99	13892.2
2583.47	13957.8
2583.94	14045.1
2584.42	14190.2
2584.89	14084.2
2585.36	14204.8
2585.84	14189.8
2586.31	14067.8
2586.79	14162.8
2587.26	14112.2
2587.73	13953.2
2588.21	14088.1
2588.68	14031.2
2589.16	14095.8
2589.63	14154.2
2590.1	14200.8
2590.58	14101.2
2591.05	14117.2
2591.52	14203.8
2592	14064.2
2592.47	14030.8
2592.95	14046.2
2593.42	14243.8
2593.89	14186.8
2594.37	14081.2
2594.84	14174.8
2595.31	14168.2
2595.79	14047.8
2596.26	14107.8
2596.73	14103.2
2597.21	13950.2
2597.68	13922.8
2598.15	14128
2598.62	14168.3
2599.1	14128.2
2599.57	14254.5
2600.04	14395.8
2600.52	14323.8
2600.99	14315.2
2601.46	14191.8
2601.94	14220.8
2602.41	14219.2
2602.88	14101.8
2603.35	14238.8
2603.83	14145.9
2604.3	14083.8
2604.77	14070.6
2605.24	14185.2
2605.72	14070.2
2606.19	13890.8
2606.66	13954.8
2607.13	13909.8
2607.6	13840.8
2608.08	13932.8
2608.55	14029.2
2609.02	14182.8
2609.49	14277.8
2609.97	14190.8
2610.44	14235.6
2610.91	14275.8
2611.38	14173.8
2611.85	14240.2
2612.32	14371.2
2612.8	14235.8
2613.27	14305.8
2613.74	14423.2
2614.21	14292.8
2614.68	14249.8
2615.15	14274
2615.63	14350.2
2616.1	14198.8
2616.57	14260.2
2617.04	14285.8
2617.51	14409.8
2617.98	14367.2
2618.45	14549.8
2618.92	14496.8
2619.4	14485.2
2619.87	14462.2
2620.34	14361
2620.81	14201.2
2621.28	14208.2
2621.75	14155.8
2622.22	14201
2622.69	14243.8
2623.16	14225.2
2623.63	14234.2
2624.1	14269.9
2624.57	14318.2
2625.05	14370.8
2625.52	14334.2
2625.99	14384.8
2626.46	14363.8
2626.93	14416.4
2627.4	14452.4
2627.87	14543.8
2628.34	14406.8
2628.81	14614.2
2629.28	14594.2
2629.75	14542.2
2630.22	14375.2
2630.69	14368.8
2631.16	14455.8
2631.63	14391.1
2632.1	14386.8
2632.57	14360.8
2633.04	14369.8
2633.51	14316.8
2633.98	14336.6
2634.45	14393.8
2634.92	14353.3
2635.39	14340.8
2635.86	14422.5
2636.33	14564.8
2636.8	14321.8
2637.27	14582.2
2637.74	14546.7
2638.2	14471.8
2638.67	14576.7
2639.14	14627.8
2639.61	14496.8
2640.08	14577.8
2640.55	14598.8
2641.02	14504.8
2641.49	14573.8
2641.96	14635.8
2642.43	14535.2
2642.9	14520.2
2643.36	14706.8
2643.83	14482.8
2644.3	14646.8
2644.77	14557.8
2645.24	14526.8
2645.71	14543.8
2646.18	14486.8
2646.65	14642.2
2647.11	14566.2
2647.58	14705.2
2648.05	14625.8
2648.52	14659.2
2648.99	14594.4
2649.46	14646.2
2649.92	14370.8
2650.39	14501.8
2650.86	14569.2
2651.33	14529
2651.8	14536.9
2652.27	14582.1
2652.73	14585.7
2653.2	14590.7
2653.67	14578.3
2654.14	14581.1
2654.61	14583.2
2655.07	14605
2655.54	14597.6
2656.01	14633.8
2656.48	14708.2
2656.94	14633.8
2657.41	14735.2
2657.88	14706.9
2658.35	14850.8
2658.82	14766.2
2659.28	14676.8
2659.75	14631.8
2660.22	14723.8
2660.68	14799.2
2661.15	14803.2
2661.62	14652.8
2662.09	14793.8
2662.55	14753.2
2663.02	14714.8
2663.49	14718.5
2663.95	14612.2
2664.42	14712.8
2664.89	14729.8
2665.35	14762.8
2665.82	14808.8
2666.29	14869.8
2666.75	14884.2
2667.22	14866.8
2667.69	14780.8
2668.15	14749.8
2668.62	14777.8
2669.09	14691.8
2669.55	14679.8
2670.02	14682.8
2670.49	14745.8
2670.95	14578.8
2671.42	14723.8
2671.89	14686.2
2672.35	14607.8
2672.82	14514.8
2673.29	14603.8
2673.75	14671.2
2674.22	14731.2
2674.68	14746.8
2675.15	14736.8
2675.62	14760.8
2676.08	14831.8
2676.55	14744
2677.01	14707.8
2677.48	14691.8
2677.94	14787.2
2678.41	14754.6
2678.88	14771.8
2679.34	14920.2
2679.81	14858.2
2680.27	14784.8
2680.74	14932.2
2681.2	14923.2
2681.67	14876.2
2682.13	14839.8
2682.6	14901.8
2683.06	14923.3
2683.53	15029.2
2683.99	14970.2
2684.46	14990.8
2684.92	14953.8
2685.39	14830.8
2685.85	14916.2
2686.32	14882.9
2686.78	14923.8
2687.25	14826.2
2687.71	14829.8
2688.18	14881.8
2688.64	14945.8
2689.11	14886.2
2689.57	14890.8
2690.04	14901.2
2690.5	14973.2
2690.97	14938.8
2691.43	14975.2
2691.89	14962.8
2692.36	14935.8
2692.82	14960.8
2693.29	15048.8
2693.75	15031.8
2694.22	14903.8
2694.68	15056.2
2695.15	14945.8
2695.61	14792.8
2696.07	14916.8
2696.54	14941.8
2697	14808.8
2697.46	14734.8
2697.93	14894.3
2698.39	14936.8
2698.86	14943
2699.32	14909.9
2699.78	14913.2
2700.25	14921.2
2700.71	14924.8
2701.17	14909.8
2701.64	14912.8
2702.1	14943.2
2702.56	14970.8
2703.03	14971.8
2703.49	15113.2
2703.95	15109.8
2704.42	15118.2
2704.88	14951.8
2705.34	15019.5
2705.81	15053.2
2706.27	14955.8
2706.73	14908.8
2707.2	15096.2
2707.66	14937.2
2708.12	15150.8
2708.58	15063
2709.05	14961.8
2709.51	15109.8
2709.97	14989.8
2710.44	15172.8
2710.9	15062.2
2711.36	15051.2
2711.82	15024.8
2712.29	15052.2
2712.75	15023.8
2713.21	15028.8
2713.67	15067.8
2714.14	15109.2
2714.6	15112.2
2715.06	14992.2
2715.52	14943.8
2715.99	15009.8
2716.45	14966.8
2716.91	15162.2
2717.37	15184.8
2717.83	15148.8
2718.3	15279.8
2718.76	15182.8
2719.22	15028.8
2719.68	15157.2
2720.14	15154.1
2720.6	15089.2
2721.07	15146.8
2721.53	15144.7
2721.99	15297.8
2722.45	15188.8
2722.91	15065.2
2723.37	15149.8
2723.84	15192.8
2724.3	15158.2
2724.76	15108.2
2725.22	15115.2
2725.68	15141
2726.14	15080.8
2726.6	15229.2
2727.06	15175.8
2727.52	15302.2
2727.99	15232.8
2728.45	15356.2
2728.91	15292.2
2729.37	15196.2
2729.83	15331.2
2730.29	15293.5
2730.75	15337.2
2731.21	15289.8
2731.67	15281.8
2732.13	15225.8
2732.6	15222.8
2733.05	15225.2
2733.52	15228.2
2733.98	15218.7
2734.44	15246.8
2734.9	15193.8
2735.36	15088.8
2735.82	15229.8
2736.28	15345.8
2736.74	15231.8
2737.2	15301.8
2737.66	15357.8
2738.12	15317.8
2738.58	15188.8
2739.04	15210.2
2739.5	15255.8
2739.96	15322.2
2740.42	15280.8
2740.88	15410.2
2741.34	15447.2
2741.8	15323.2
2742.26	15273.8
2742.72	15203.8
2743.18	15344.8
2743.64	15282.2
2744.1	15251.2
2744.56	15264.8
2745.02	15263.8
2745.48	15365.8
2745.93	15345.8
2746.39	15450.8
2746.85	15396.8
2747.31	15429.8
2747.77	15388.8
2748.23	15477.2
2748.69	15558.8
2749.15	15475.6
2749.61	15523.8
2750.07	15416.8
2750.53	15549.8
2750.98	15515.8
2751.44	15400.2
2751.9	15307.8
2752.36	15292.8
2752.82	15253.8
2753.28	15331.8
2753.74	15203.8
2754.2	15301.8
2754.66	15293.8
2755.11	15335.8
2755.57	15384.8
2756.03	15358.8
2756.49	15408.8
2756.95	15399.2
2757.41	15471.8
2757.86	15372.2
2758.32	15387.8
2758.78	15407.2
2759.24	15373.8
2759.7	15523.8
2760.15	15516.8
2760.61	15400.8
2761.07	15414.2
2761.53	15449.8
2761.99	15392.8
2762.45	15378.8
2762.9	15393.8
2763.36	15402.8
2763.82	15553.8
2764.28	15424.8
2764.73	15548.8
2765.19	15479.5
2765.65	15438.8
2766.11	15464.8
2766.56	15372.2
2767.02	15547.8
2767.48	15463.2
2767.94	15421.2
2768.39	15425.8
2768.85	15521.2
2769.31	15456.8
2769.76	15501.8
2770.22	15580.8
2770.68	15478.8
2771.14	15492.8
2771.59	15575.8
2772.05	15525.8
2772.51	15520
2772.96	15466.8
2773.42	15558.8
2773.88	15513.8
2774.33	15623.8
2774.79	15518.2
2775.25	15437.8
2775.7	15554.8
2776.16	15555.8
2776.62	15566.2
2777.07	15527.2
2777.53	15531.2
2777.99	15626.8
2778.44	15479.2
2778.9	15680.2
2779.36	15637.8
2779.81	15729.8
2780.27	15657.2
2780.72	15580.8
2781.18	15574.2
2781.64	15507.8
2782.09	15518.2
2782.55	15492.8
2783	15608.8
2783.46	15535.8
2783.92	15491.2
2784.37	15694.8
2784.83	15675.8
2785.28	15507.8
2785.74	15671.2
2786.19	15604.8
2786.65	15547.8
2787.1	15679.8
2787.56	15649.8
2788.02	15659.8
2788.47	15652.8
2788.93	15627.8
2789.38	15578.2
2789.84	15570.8
2790.29	15549.8
2790.75	15373.8
2791.2	15267.8
2791.66	15192.2
2792.11	15150.8
2792.57	15274.8
2793.02	15234.2
2793.48	15340.2
2793.93	15293.8
2794.39	15513.2
2794.84	15481.8
2795.3	15688.2
2795.75	15718.2
2796.21	15653.2
2796.66	15739.8
2797.12	15758
2797.57	15885.2
2798.03	15846.8
2798.48	15837.8
2798.93	15813.8
2799.39	15816.2
2799.84	15708.8
2800.3	15814.2
2800.75	15680.8
2801.21	15685.8
2801.66	15623.8
2802.11	15640.8
2802.57	15759.2
2803.02	15795.8
2803.48	15707.2
2803.93	15866.2
2804.39	15750.8
2804.84	15773.8
2805.29	15708.2
2805.75	15752.8
2806.2	15766.8
2806.65	15742.8
2807.11	15862.2
2807.56	15684.8
2808.01	15819.2
2808.47	15729.8
2808.92	15791.8
2809.38	15729.8
2809.83	15656.8
2810.28	15747.2
2810.74	15768.8
2811.19	15631.2
2811.64	15775.9
2812.1	15786.8
2812.55	15802.8
2813	15772.1
2813.45	15752.8
2813.91	15801.2
2814.36	15694.8
2814.81	15768
2815.27	15740.8
2815.72	15762.2
2816.17	15795.1
2816.63	15804.2
2817.08	15860.8
2817.53	15819.8
2817.98	15889.2
2818.44	15784.8
2818.89	15850.8
2819.34	15755.8
2819.79	15839.8
2820.25	15865.5
2820.7	15904.2
2821.15	15900.8
2821.6	15936.2
2822.06	15724.8
2822.51	15894.8
2822.96	15735.8
2823.41	15764.8
2823.86	15638.8
2824.32	15719.8
2824.77	15639.2
2825.22	15853.2
2825.67	15878.8
2826.12	15800.8
2826.58	15869.2
2827.03	15865.8
2827.48	16006.2
2827.93	15880.8
2828.38	15865.2
2828.84	15908.2
2829.29	15757.8
2829.74	15751.2
2830.19	15884.2
2830.64	15899.8
2831.09	15888.2
2831.54	15801.8
2832	15902.8
2832.45	15837.8
2832.9	15709.8
2833.35	15701.2
2833.8	15696.2
2834.25	15761.2
2834.7	15816.2
2835.15	15798
2835.6	15858.8
2836.06	15809.2
2836.51	15797.8
2836.96	15803.8
2837.41	15750.8
2837.86	15718.8
2838.31	15877.8
2838.76	15779.8
2839.21	15879.2
2839.66	15912.8
2840.11	15899
2840.56	15923.8
2841.01	15922.2
2841.47	15780.8
2841.92	15879.2
2842.37	15817.2
2842.82	15804.2
2843.27	15849.8
2843.72	15815.2
2844.17	15905.2
2844.62	15923.3
2845.07	15937.2
2845.52	15990.8
2845.97	15939.7
2846.42	15909.2
2846.87	15933.8
2847.32	15882.5
2847.77	15874.8
2848.22	15735.2
2848.67	15785.8
2849.12	15865.2
2849.57	15822.2
2850.02	15848.9
2850.46	15888.8
2850.91	15816.8
2851.36	15847.8
2851.81	15999.2
2852.26	15901.2
2852.71	15850.8
2853.16	16044.2
2853.61	16022.8
2854.06	16048.2
2854.51	16007.8
2854.96	16106.8
2855.41	15943.8
2855.86	16025.6
2856.31	16011.2
2856.76	16051.2
2857.2	16018.2
2857.65	15924.8
2858.1	16009.8
2858.55	16063.2
2859	16077.8
2859.45	16124.2
2859.9	16062.8
2860.35	16168.8
2860.79	16201.2
2861.24	16085.7
2861.69	16043.8
2862.14	16130.2
2862.59	16093.2
2863.04	16037.8
2863.49	16230.2
2863.93	15993.8
2864.38	16073.2
2864.83	16144.2
2865.28	16142.2
2865.73	16033.8
2866.18	16070.8
2866.62	16020.8
2867.07	16100.9
2867.52	16139.8
2867.97	16148.2
2868.42	16238.2
2868.86	16123.8
2869.31	16116.8
2869.76	16031.8
2870.21	16095.2
2870.65	16002.2
2871.1	15980.8
2871.55	16021.2
2872	16076.8
2872.45	15993.8
2872.89	15929.2
2873.34	16074.8
2873.79	16129.1
2874.24	16131.2
2874.68	16210.8
2875.13	16142.2
2875.58	16305.2
2876.03	16163.8
2876.47	16084.2
2876.92	16050.2
2877.37	16246.8
2877.81	15997.2
2878.26	16091.8
2878.71	16104.3
2879.15	16182.8
2879.6	16156.2
2880.05	15944.8
2880.49	15870.7
2880.94	15902.8
2881.39	15906.4
2881.84	15773.7
2882.28	15995.9
2882.73	15865.7
2883.18	15869.7
2883.62	15806.8
2884.07	15797.8
2884.51	15943.9
2884.96	15807.3
2885.41	15871.6
2885.85	15922.2
2886.3	15953.7
2886.75	16137.4
2887.19	16085.6
2887.64	16119
2888.08	16128
2888.53	16229.7
2888.98	16178.8
2889.42	16122.3
2889.87	16206.8
2890.31	16194.9
2890.76	16255.9
2891.21	16227.2
2891.65	16228.2
2892.1	16261
2892.54	16271.7
2892.99	16168.8
2893.43	16187.5
2893.88	16146.8
2894.33	16214
2894.77	16256.5
2895.22	16314.2
2895.66	16246
2896.11	16180.9
2896.55	16240.4
2897	16216.9
2897.44	16276.8
2897.89	16185.4
2898.33	16192.9
2898.78	16105.8
2899.22	16063.4
2899.67	16263.3
2900.11	16230.8
2900.56	16182.8
2901	16206
2901.45	16212.3
2901.89	16135.1
2902.34	16175.9
2902.78	16053.5
2903.23	16184.1
2903.67	16010.9
2904.12	16082.4
2904.56	15991
2905	15999.2
2905.45	16086.7
2905.89	16179
2906.34	16257.5
2906.78	16248.5
2907.23	16198
2907.67	16216.9
2908.12	16213.9
2908.56	16257.7
2909	16235.8
2909.45	16178.4
2909.89	16268.6
2910.34	16258.2
2910.78	16293.2
2911.22	16291.2
2911.67	16225.1
2912.11	16328.1
2912.56	16282.6
2913	16143.8
2913.44	16244.9
2913.89	16235
2914.33	16182.3
2914.77	16382.5
2915.22	16371.2
2915.66	16330.3
2916.1	16201.7
2916.55	16329.3
2916.99	16263.3
2917.44	16249.4
2917.88	16133
2918.32	16231
2918.76	16151.1
2919.21	16009.7
2919.65	16093
2920.09	16135.2
2920.54	16087
2920.98	16223.8
2921.42	16151.6
2921.87	16310.3
2922.31	16254.3
2922.75	16209.8
2923.2	16207.4
2923.64	16262.7
2924.08	16284.7
2924.52	16351.8
2924.97	16422.6
2925.41	16422.8
2925.85	16431.6
2926.29	16346.6
2926.74	16400.4
2927.18	16351.3
2927.62	16303
2928.06	16391.9
2928.51	16273.7
2928.95	16369.4
2929.39	16511.3
2929.83	16439.4
2930.27	16450
2930.72	16365
2931.16	16392.6
2931.6	16318.8
2932.04	16329.6
2932.48	16183.5
2932.93	16316.3
2933.37	16281
2933.81	16314.3
2934.25	16429.3
2934.69	16470.8
2935.13	16363.6
2935.58	16420
2936.02	16562.2
2936.46	16493.2
2936.9	16429.8
2937.34	16380.4
2937.78	16373.6
2938.22	16512.7
2938.67	16490.2
2939.11	16454.3
2939.55	16427.8
2939.99	16386.9
2940.43	16270.3
2940.87	16337.5
2941.31	16201.9
2941.75	16181.1
2942.2	16251.6
2942.64	16337.8
2943.08	16235.6
2943.52	16408.3
2943.96	16322.2
2944.4	16469.8
2944.84	16429.3
2945.28	16425.8
2945.72	16324.1
2946.16	16132
2946.6	16183.6
2947.04	16054.7
2947.48	16001.8
2947.92	16049.6
2948.37	16041.3
2948.81	15975.7
2949.25	16145.2
2949.69	16097.7
2950.13	16061.4
2950.57	16060.5
2951.01	16028.9
2951.45	16099
2951.89	16116.3
2952.33	16208.4
2952.77	16194.7
2953.21	16326.8
2953.65	16426.4
2954.09	16393.2
2954.53	16406.7
2954.97	16532.8
2955.41	16419.6
2955.85	16370.2
2956.29	16436.6
2956.73	16280.8
2957.17	16298.4
2957.6	16343.3
2958.04	16352.2
2958.48	16461.4
2958.92	16302.2
2959.36	16395
2959.8	16250
2960.24	16301.8
2960.68	16188.1
2961.12	16331.4
2961.56	16283
2962	16338.8
2962.44	16267
2962.88	16450.8
2963.31	16440.9
2963.75	16389
2964.19	16340.9
2964.63	16439.8
2965.07	16415.9
2965.51	16464.9
2965.95	16337.5
2966.39	16463.9
2966.83	16398.9
2967.27	16478.7
2967.7	16357.8
2968.14	16350.1
2968.58	16216.3
2969.02	16223.1
2969.46	16216.2
2969.9	16191.2
2970.22	16313.2
2970.66	16153.2
2971.11	16283.2
2971.55	16272.8
2972	16398.8
2972.45	16371.8
2972.89	16508.8
2973.34	16430.2
2973.79	16527.2
2974.23	16587.8
2974.68	16405.2
2975.12	16571.2
2975.57	16539.8
2976.02	16613.2
2976.46	16443.8
2976.91	16455.9
2977.35	16425.2
2977.8	16388.8
2978.24	16312.2
2978.69	16318.2
2979.13	16175.2
2979.58	16089.8
2980.03	16142.5
2980.47	16109.2
2980.92	16113.8
2981.36	16149.2
2981.81	16207.2
2982.25	16306.2
2982.7	16304.2
2983.14	16296.2
2983.59	16482.2
2984.03	16369.8
2984.48	16414.8
2984.92	16458.2
2985.37	16629.8
2985.81	16575.8
2986.26	16611.2
2986.7	16678.8
2987.15	16560.2
2987.59	16462.2
2988.04	16412.2
2988.48	16414.2
2988.93	16394.2
2989.37	16388.8
2989.82	16533.2
2990.26	16497.4
2990.7	16542.2
2991.15	16598.2
2991.59	16491.9
2992.04	16533.2
2992.48	16440.2
2992.93	16397.2
2993.37	16352.2
2993.82	16308.2
2994.26	16372.2
2994.7	16341.2
2995.15	16339.2
2995.59	16239.2
2996.04	16340.8
2996.48	16396.8
2996.92	16433.8
2997.37	16438.2
2997.81	16510.8
2998.26	16423.2
2998.7	16453.2
2999.14	16624.8
2999.59	16574.2
3000.03	16750.2
3000.47	16740.2
3000.92	16642.8
3001.36	16698.2
3001.8	16532.2
3002.25	16564.2
3002.69	16577.8
3003.14	16580.2
3003.58	16525.2
3004.02	16741.2
3004.46	16631.2
3004.91	16627.8
3005.35	16678.2
3005.79	16691.2
3006.24	16535.8
3006.68	16517.8
3007.12	16621.3
3007.57	16633.2
3008.01	16560.2
3008.45	16643.2
3008.89	16623.8
3009.34	16654.2
3009.78	16689.4
3010.22	16842.2
3010.67	16725.2
3011.11	16753.2
3011.55	16679.2
3011.99	16656.2
3012.44	16570.2
3012.88	16597.2
3013.32	16578.2
3013.76	16730.2
3014.21	16752.2
3014.65	16727.2
3015.09	16769.2
3015.53	16748.8
3015.97	16708.2
3016.42	16738.2
3016.86	16787.2
3017.3	16732.2
3017.74	16705.2
3018.18	16755.8
3018.63	16705.2
3019.07	16782.8
3019.51	16702.8
3019.95	16653.2
3020.39	16463.2
3020.84	16419.2
3021.28	16562.1
3021.72	16583.8
3022.16	16679.5
3022.6	16684.3
3023.04	16684.8
3023.49	16691.9
3023.93	16696.6
3024.37	16697.3
3024.81	16701.2
3025.25	16700.5
3025.69	16705.9
3026.13	16709.1
3026.57	16660.5
3027.02	16535.2
3027.46	16681.3
3027.9	16701
3028.34	16734.4
3028.78	16774.2
3029.22	16840.8
3029.66	16668.2
3030.1	16820.2
3030.54	16814.2
3030.99	16666.2
3031.43	16698.8
3031.87	16678.2
3032.31	16816.2
3032.75	16809.2
3033.19	16858.2
3033.63	16807.2
3034.07	16924.8
3034.51	16818.2
3034.95	16849.2
3035.39	16817.2
3035.83	16796.2
3036.27	16816.2
3036.71	16989.8
3037.15	17005.2
3037.59	16978.2
3038.03	16900.2
3038.47	16872.2
3038.91	16681.2
3039.35	16775.8
3039.79	16802.2
3040.23	16691.2
3040.67	16687.2
3041.11	16666.8
3041.55	16627.8
3041.99	16615.2
3042.43	16605.8
3042.87	16635.8
3043.31	16730.8
3043.75	16773.8
3044.19	16790.2
3044.63	16779.2
3045.07	16880.2
3045.51	16837.8
3045.95	16824.2
3046.39	16836.2
3046.83	16956.8
3047.27	16985.2
3047.7	16932.8
3048.14	16953.2
3048.58	16968.2
3049.02	16815.2
3049.46	16907.2
3049.9	16924.2
3050.34	16870.5
3050.78	16836.2
3051.22	16822.2
3051.66	16853.2
3052.1	16957.8
3052.54	17058.8
3052.97	16981
3053.41	16974
3053.85	16900.2
3054.29	17002.2
3054.73	16962.8
3055.17	16979.8
3055.61	17042.8
3056.04	16938.2
3056.48	16928.8
3056.92	17047.2
3057.36	17008.2
3057.8	16975.8
3058.24	17100.8
3058.67	17057.2
3059.11	17051.3
3059.55	17068.8
3059.99	17100.2
3060.43	16964.2
3060.86	17132.2
3061.3	17115.8
3061.74	17020.2
3062.18	17252.2
3062.62	17135.8
3063.06	17069.8
3063.49	17161.2
3063.93	17097.8
3064.37	17067.2
3064.81	17069.5
3065.24	16969.2
3065.68	17048.2
3066.12	17047.8
3066.56	17050.8
3066.99	17032.5
3067.43	17039.4
3067.87	17043.3
3068.31	16994.2
3068.74	17002.5
3069.18	17008.5
3069.62	17016.1
3070.05	17016.2
3070.49	17095.5
3070.93	16994.8
3071.37	17199.8
3071.8	17144.7
3072.24	17171.3
3072.68	17061.2
3073.11	17131.2
3073.55	17268.2
3073.99	17125.2
3074.43	17153.1
3074.86	17195.2
3075.3	17179.2
3075.74	17247.2
3076.17	17098.2
3076.61	17143.2
3077.05	17166.2
3077.48	17271.8
3077.92	17161.8
3078.35	17132.2
3078.79	17274.8
3079.23	17065.8
3079.66	17129.2
3080.1	17282.8
3080.54	17204.2
3080.97	17328.2
3081.41	17237.1
3081.84	17327.2
3082.28	17161.2
3082.72	17181.9
3083.15	17160.2
3083.59	17031.2
3084.02	17029.2
3084.46	17145.7
3084.9	17208.2
3085.33	17206.2
3085.77	17165.2
3086.2	17202.2
3086.64	17313.8
3087.08	17220.4
3087.51	17155.8
3087.95	17290.8
3088.38	17167.2
3088.82	17209.8
3089.25	17144.2
3089.69	17246.2
3090.12	17237.8
3090.56	17265.2
3090.99	17384.2
3091.43	17261.2
3091.87	17338.2
3092.3	17207.2
3092.74	17197.6
3093.17	17170.8
3093.6	17080.8
3094.04	17123.2
3094.47	17256.8
3094.91	17425.8
3095.35	17377.8
3095.78	17369.1
3096.22	17435.2
3096.65	17375.8
3097.08	17233.2
3097.52	17389.8
3097.95	17416.8
3098.39	17301.8
3098.82	17186.2
3099.26	17187.2
3099.69	17292.4
3100.13	17384.2
3100.56	17263.2
3100.99	17311.2
3101.43	17355.8
3101.86	17183.2
3102.3	17224.2
3102.73	17342.2
3103.17	17186.8
3103.6	17253.8
3104.03	17314.2
3104.47	17477.2
3104.9	17371.7
3105.34	17408.8
3105.77	17348.2
3106.2	17394.2
3106.64	17407.2
3107.07	17470.8
3107.51	17381.8
3107.94	17450.4
3108.37	17551.2
3108.81	17342.2
3109.24	17551.8
3109.67	17399.3
3110.11	17374.2
3110.54	17357.8
3110.97	17369.2
3111.41	17362.2
3111.84	17337.2
3112.28	17373.2
3112.71	17345.2
3113.14	17404.8
3113.57	17489.2
3114.01	17499.2
3114.44	17452.3
3114.87	17428.2
3115.31	17388.2
3115.74	17412.2
3116.17	17439.7
3116.61	17390.2
3117.04	17536.8
3117.47	17361.2
3117.9	17455.2
3118.34	17449.2
3118.77	17366.2
3119.2	17418.8
3119.64	17291.2
3120.07	17353.2
3120.5	17325.2
3120.93	17296.8
3121.37	17309.8
3121.8	17303.2
3122.23	17372.2
3122.66	17479.2
3123.1	17451.2
3123.53	17607.2
3123.96	17559.2
3124.39	17630.8
3124.82	17598.2
3125.26	17513.2
3125.69	17506.2
3126.12	17508.2
3126.55	17644.2
3126.98	17495.2
3127.42	17655.2
3127.85	17709.2
3128.28	17683.2
3128.71	17486.2
3129.14	17405.2
3129.58	17525.2
3130.01	17570.8
3130.44	17368.2
3130.87	17428.2
3131.3	17431.8
3131.73	17633.8
3132.17	17545.8
3132.6	17657.8
3133.03	17580.2
3133.46	17621.8
3133.89	17615.6
3134.32	17673.8
3134.75	17616.8
3135.18	17658.2
3135.61	17605.8
3136.05	17677.8
3136.48	17603.8
3136.91	17628.2
3137.34	17500.2
3137.77	17531.2
3138.2	17538.2
3138.63	17539.7
3139.06	17568.8
3139.49	17518.2
3139.93	17533.8
3140.36	17488.8
3140.79	17653.8
3141.22	17498.8
3141.65	17636.8
3142.08	17636.2
3142.51	17576.8
3142.94	17693.2
3143.37	17597.2
3143.8	17703.2
3144.23	17754.8
3144.66	17669.2
3145.09	17757.2
3145.52	17642.2
3145.95	17645.8
3146.38	17666.2
3146.81	17713.2
3147.24	17796.2
3147.67	17740.2
3148.1	17699.2
3148.53	17718.8
3148.96	17650.2
3149.39	17655.2
3149.82	17640.2
3150.25	17599.2
3150.68	17658.8
3151.11	17839.2
3151.54	17796.8
3151.97	17713.2
3152.4	17683.2
3152.83	17721.8
3153.26	17667.2
3153.69	17670.8
3154.12	17664
3154.55	17664.4
3154.98	17670.4
3155.41	17674.2
3155.84	17675.4
3156.27	17699
3156.7	17699.3
3157.12	17701.6
3157.55	17705.5
3157.98	17579.2
3158.41	17756.2
3158.84	17833.2
3159.27	17848.2
3159.7	17656.8
3160.13	17738.8
3160.56	17793.7
3160.99	17818.2
3161.41	17818.8
3161.84	17853.8
3162.27	17780.2
3162.7	17659.8
3163.13	17790.8
3163.56	17763.2
3163.98	17625.2
3164.41	17795.2
3164.84	17672.8
3165.27	17738.7
3165.7	17716.2
3166.13	17735.8
3166.56	17726.8
3166.98	17793.8
3167.41	17761.2
3167.84	17803.2
3168.27	17777.6
3168.7	17812.2
3169.12	17671.2
3169.55	17846.8
3169.98	17772.8
3170.41	17875.2
3170.84	17631.8
3171.26	17677.8
3171.69	17669.2
3172.12	17860.2
3172.55	17811.2
3172.98	17823.8
3173.4	17700.8
3173.83	17801.2
3174.26	17809.3
3174.69	17750.2
3175.11	17881.2
3175.54	18008.2
3175.97	17922.2
3176.4	17930.2
3176.82	17839.8
3177.25	17879.8
3177.68	17792.2
3178.11	17918.8
3178.53	17842.2
3178.96	17869.2
3179.39	18011.8
3179.81	17995.8
3180.24	17903.8
3180.67	17905.8
3181.1	17817.2
3181.52	17712.2
3181.95	17816.8
3182.38	17705.2
3182.8	17737.2
3183.23	17685.8
3183.66	17761.2
3184.08	17853.2
3184.51	17843.2
3184.94	18063.8
3185.36	17993.2
3185.79	18051.2
3186.22	18030.8
3186.64	18093.8
3187.07	18011.2
3187.49	17888.8
3187.92	18006.2
3188.35	17866.2
3188.77	17908.2
3189.2	17909.2
3189.63	17983.8
3190.05	17835.2
3190.48	17924.2
3190.9	17686.2
3191.33	17592.8
3191.76	17577.2
3192.18	17686.8
3192.61	17555.2
3193.03	17702.3
3193.46	17898.8
3193.89	17832.8
3194.31	17747.2
3194.74	17870.3
3195.16	17867.2
3195.59	17986.2
3196.01	17961.2
3196.44	17773.8
3196.86	17779.8
3197.29	17915.8
3197.72	17838.2
3198.14	17859.8
3198.57	17817.2
3198.99	18039.8
3199.42	17971.8
3199.84	17974.2
3200.27	18003.2
3200.69	17879.3
3201.12	17759.8
3201.54	17822
3201.97	17938.2
3202.39	17761.2
3202.82	17815.2
3203.24	17818.8
3203.67	17939.8
3204.09	17935.8
3204.52	18021.2
3204.94	18041.2
3205.37	17951.2
3205.79	17913.2
3206.22	18026.2
3206.64	17848.8
3207.07	17920.2
3207.49	17757.2
3207.91	17778.8
3208.34	17793.2
3208.76	17702.2
3209.19	17585.2
3209.61	17668
3210.04	17827.8
3210.46	17587.8
3210.89	17747
3211.31	17892.8
3211.73	17887.8
3212.16	17935.8
3212.58	17864.2
3213.01	17899.2
3213.43	17954.2
3213.85	17945.4
3214.28	18047.2
3214.7	17955.2
3215.13	17985.2
3215.55	17946.2
3215.97	17966.2
3216.4	17853.2
3216.82	17775.8
3217.24	17965.8
3217.67	17958.8
3218.09	17876.8
3218.51	17801.8
3218.94	17972.8
3219.36	17854.8
3219.78	17939.2
3220.21	17868.2
3220.63	17865.8
3221.05	17969.2
3221.48	17960.6
3221.9	17965.8
3222.32	18062.8
3222.75	18044.2
3223.17	18099.2
3223.59	18031.8
3224.02	18065.8
3224.44	18057.2
3224.86	17978.2
3225.29	17979.2
3225.71	18072.2
3226.13	17939.8
3226.55	18103.2
3226.98	18060.6
3227.4	18132.2
3227.82	17928.2
3228.24	18028.8
3228.67	18065.2
3229.09	18031.2
3229.51	18045.2
3229.93	17914.8
3230.36	18007.2
3230.78	18028.2
3231.2	17994.2
3231.62	18001.2
3232.05	17936.8
3232.47	17957.2
3232.89	17995.8
3233.31	18144.2
3233.73	18090.2
3234.16	17998.8
3234.58	17982.2
3235	18024.6
3235.42	18073.2
3235.84	17932.8
3236.27	17982.8
3236.69	17945.2
3237.11	18090.2
3237.53	18010.2
3237.95	17945.2
3238.37	17969.9
3238.8	17956.1
3239.22	17958.3
3239.64	17960.4
3240.06	17961.6
3240.48	17961.4
3240.9	17883.6
3241.32	17815.9
3241.75	17776.1
3242.17	17690.7
3242.59	17800.2
3243.01	17889
3243.43	17989.3
3243.85	17861.9
3244.27	17957.6
3244.69	17986.3
3245.12	17869.1
3245.54	18055.1
3245.96	17952
3246.38	18111.6
3246.8	17974.9
3247.22	17987.5
3247.64	17990
3248.06	17946.5
3248.48	17939.6
3248.9	17998.2
3249.32	18014.6
3249.74	18102.2
3250.16	17986.2
3250.58	17937.5
3251.01	18129.8
3251.43	18031.5
3251.85	18037.9
3252.27	18004.3
3252.69	18025.7
3253.11	18006.3
3253.53	18059.9
3253.95	17989.1
3254.37	18155.2
3254.79	18073.5
3255.21	18138.5
3255.63	18195.4
3256.05	18064.7
3256.47	18082.6
3256.89	18051.5
3257.31	18004.1
3257.73	18045.1
3258.15	18022.5
3258.57	18004.2
3258.99	17961.8
3259.41	18056.1
3259.83	18007.5
3260.25	17835.3
3260.67	17966.2
3261.09	17864.4
3261.5	17844.6
3261.92	17842.1
3262.34	17796
3262.76	17783.7
3263.18	17844
3263.6	17963.1
3264.02	17834.3
3264.44	18044.8
3264.86	18022.3
3265.28	18050.7
3265.7	18169.5
3266.12	18139.1
3266.53	18141.9
3266.95	17976.9
3267.37	18181.5
3267.79	18028.6
3268.21	18078.3
3268.63	18099.4
3269.05	18096.8
3269.47	18067.1
3269.89	18180.3
3270.3	18027.8
3270.72	17925.8
3271.14	18084.8
3271.56	18055.2
3271.98	18064.3
3272.4	17840
3272.82	17935.4
3273.23	17849.2
3273.65	17882.5
3274.07	17900
3274.49	17808.4
3274.91	17887.2
3275.33	17879.9
3275.74	17803.2
3276.16	17912.3
3276.58	18062.4
3277	17990.9
3277.42	18081.5
3277.83	18105.6
3278.25	18126.6
3278.67	18053.1
3279.09	18114.6
3279.51	17997.5
3279.92	18149.8
3280.34	18093.2
3280.76	17935
3281.18	17969.7
3281.59	18021.5
3282.01	17949.9
3282.43	18042.3
3282.85	18075.3
3283.26	17978.7
3283.68	18135.7
3284.1	18267.6
3284.52	18274.6
3284.93	18114.5
3285.35	18215.7
3285.77	18226.3
3286.18	18164.5
3286.6	18070.2
3287.02	18120.1
3287.44	18015.2
3287.85	18071.5
3288.27	18150.1
3288.69	18073.6
3289.1	18229.5
3289.52	18183.1
3289.94	18082.8
3290.35	18134.5
3290.77	18036.4
3291.19	18025.9
3291.61	17936.9
3292.02	18029.1
3292.44	18079.7
3292.85	18090.5
3293.27	18205
3293.69	18229.3
3294.1	18176.8
3294.52	18145.1
3294.94	18195.1
3295.35	18094.3
3295.77	18148.3
3296.19	18058.5
3296.6	18011.9
3297.02	18241.4
3297.43	18114.7
3297.85	18189.6
3298.27	18157.1
3298.68	18183
3299.1	18159.8
3299.52	18017.9
3299.93	18038
3300.35	18037
3300.76	17903.8
3301.18	18116.4
3301.59	18120.3
3302.01	18124.6
3302.42	18127.7
3302.84	17991.9
3303.26	17910.9
3303.67	17918.7
3304.09	17927.7
3304.5	17917.5
3304.92	17848.2
3305.33	17900.4
3305.75	18127.6
3306.16	18075.3
3306.58	18135.2
3306.99	18039.9
3307.41	18199.7
3307.82	18185
3308.24	18196.8
3308.66	18285.4
3309.07	18125.9
3309.49	18110.4
3309.9	18173.3
3310.32	18155.1
3310.73	18097.8
3311.15	18177.5
3311.56	18198.8
3311.98	18252.1
3312.39	18220.8
3312.8	18345.6
3313.22	18277.1
3313.63	18253
3314.05	18181.8
3314.46	18209.2
3314.88	18349.9
3315.29	18169.2
3315.71	18193.6
3316.12	18165
3316.53	18245.8
3316.95	18244.5
3317.36	18171.4
3317.78	18305.6
3318.19	18194.5
3318.61	18086.9
3319.02	18212.6
3319.43	18164.9
3319.85	18226
3320.26	18073.4
3320.68	18183.2
3321.09	18261.8
3321.5	18299.8
3321.92	18244.2
3322.33	18237.6
3322.74	18271
3323.16	18193.8
3323.49	18183.6
3323.91	18099.8
3324.33	18214.8
3324.75	18187.2
3325.17	18314.2
3325.59	18410.2
3326.01	18396.8
3326.44	18351.2
3326.86	18360.8
3327.28	18457.2
3327.7	18289.2
3328.12	18346.2
3328.54	18206.2
3328.96	18164.2
3329.38	18263.2
3329.8	18195.2
3330.22	18182.8
3330.65	18145.2
3331.07	18100.2
3331.49	18148.8
3331.91	18030.2
3332.33	18008.2
3332.75	17891.8
3333.17	17803.2
3333.59	17789.2
3334.01	17857.2
3334.43	17889.2
3334.85	18033.2
3335.27	18140.2
3335.69	18280.2
3336.11	18437.2
3336.53	18396.2
3336.95	18396.2
3337.37	18491.8
3337.79	18341.8
3338.22	18361.2
3338.63	18262.2
3339.05	18326.2
3339.48	18309.2
3339.89	18391.8
3340.32	18287.8
3340.73	18383.8
3341.15	18315.2
3341.58	18434.2
3341.99	18342.8
3342.41	18316.8
3342.83	18345
3343.25	18392.8
3343.67	18326.8
3344.09	18284.8
3344.51	18362.2
3344.93	18321.2
3345.35	18282.8
3345.77	18415.2
3346.19	18403.8
3346.61	18268.8
3347.03	18246.2
3347.45	18270.2
3347.87	18168.8
3348.29	18378.8
3348.71	18332.8
3349.12	18277.2
3349.54	18389.2
3349.96	18423.2
3350.38	18428.8
3350.8	18487.2
3351.22	18507.2
3351.64	18609.2
3352.06	18486.2
3352.48	18556.2
3352.9	18553.1
3353.32	18620.2
3353.73	18512.2
3354.15	18684.2
3354.57	18588.8
3354.99	18575.8
3355.41	18546.8
3355.83	18498.2
3356.24	18501.8
3356.66	18551.1
3357.08	18515.2
3357.5	18535
3357.92	18462.2
3358.34	18703.8
3358.76	18532.2
3359.17	18675.2
3359.59	18715.2
3360.01	18618.8
3360.43	18623.8
3360.85	18631.2
3361.26	18718.2
3361.68	18700.2
3362.1	18710.8
3362.52	18667.7
3362.94	18656.1
3363.35	18624.2
3363.77	18634.8
3364.19	18636
3364.61	18603.2
3365.03	18708.2
3365.44	18612.2
3365.86	18763.2
3366.28	18638.2
3366.7	18656.2
3367.11	18612.8
3367.53	18679.2
3367.95	18691.8
3368.36	18592.2
3368.78	18704.8
3369.2	18497.2
3369.62	18546.3
3370.03	18494.6
3370.45	18579.2
3370.87	18441.2
3371.29	18501.8
3371.7	18519.7
3372.12	18623
3372.54	18628.9
3372.95	18638
3373.37	18642.1
3373.79	18647.8
3374.21	18653.9
3374.62	18659.7
3375.04	18664.1
3375.46	18668.9
3375.87	18674.6
3376.29	18680.5
3376.71	18685
3377.12	18685.6
3377.54	18736.2
3377.96	18719.8
3378.37	18648.2
3378.79	18648.2
3379.21	18737.3
3379.62	18730.2
3380.04	18696.2
3380.45	18693.8
3380.87	18616.2
3381.29	18616.8
3381.7	18737.2
3382.12	18702.2
3382.54	18725.6
3382.95	18669.8
3383.37	18810.8
3383.78	18880.2
3384.2	18819.4
3384.61	18897.2
3385.03	18744.2
3385.45	18707.2
3385.86	18791.2
3386.28	18788.2
3386.69	18878.8
3387.11	18921.2
3387.53	18861.2
3387.94	18945.2
3388.36	18941.8
3388.77	18718.2
3389.19	18854.2
3389.6	18630.2
3390.02	18651.2
3390.44	18663.2
3390.85	18641.2
3391.26	18641.2
3391.68	18712.2
3392.1	18742.2
3392.51	18809.2
3392.93	18816.2
3393.34	18880.2
3393.76	18875.8
3394.17	18752.2
3394.59	18751.8
3395	18756.2
3395.42	18992.2
3395.83	18934.8
3396.25	18837.8
3396.66	18896.2
3397.08	19061.8
3397.49	19119.2
3397.91	19084.2
3398.32	19147.2
3398.73	19077.8
3399.15	18936.2
3399.56	19114.2
3399.98	18948.2
3400.39	18938.8
3400.81	18994.8
3401.22	18949.2
3401.64	19019.8
3402.05	18910.4
3402.47	18926.8
3402.88	18861.8
3403.29	18988.8
3403.71	18852.2
3404.12	18871.8
3404.54	18844.2
3404.95	18925.8
3405.36	19052.8
3405.78	19146.2
3406.19	19111.2
3406.61	19114.8
3407.02	18996.8
3407.43	19132.2
3407.85	19188.2
3408.26	19137.2
3408.68	18949.2
3409.09	18933.2
3409.5	18964.2
3409.92	18965.2
3410.33	19026.8
3410.74	19036.2
3411.16	19086.2
3411.57	19116.8
3411.98	19038.2
3412.4	19108.2
3412.81	19061.8
3413.22	18955.8
3413.64	19023.7
3414.05	18994.1
3414.46	18995.2
3414.88	19043.7
3415.29	19049.9
3415.7	19054.6
3416.12	18994.5
3416.53	18999.7
3416.94	19030
3417.36	19032.2
3417.77	19034.9
3418.18	18959.2
3418.59	19179.8
3419.01	19233.2
3419.42	19269.2
3419.83	19127.8
3420.24	19130.2
3420.66	19161.2
3421.07	19167.4
3421.48	19292.2
3421.9	19161.9
3422.31	19109.8
3422.72	19214.8
3423.13	19200.2
3423.55	19104.8
3423.96	19167.6
3424.37	19099.2
3424.78	19176.8
3425.19	19168.8
3425.61	19140.2
3426.02	19170.2
3426.43	19152.2
3426.84	19200.8
3427.25	19192.2
3427.67	19175.2
3428.08	19107.8
3428.49	19191.8
3428.9	19064.2
3429.31	19196.8
3429.73	19209.5
3430.14	19176.8
3430.55	19170.8
3430.96	19307.2
3431.37	19249.2
3431.79	19177.2
3432.2	19243.2
3432.61	19182.8
3433.02	19189.2
3433.43	19237.2
3433.84	19228.2
3434.25	19183.2
3434.67	19240.2
3435.08	19242.8
3435.49	19324.8
3435.9	19381.2
3436.31	19248.8
3436.72	19127.2
3437.13	19230.2
3437.54	19320.2
3437.95	19333.2
3438.37	19294.4
3438.78	19325.2
3439.19	19276.2
3439.6	19296.8
3440.01	19399.2
3440.42	19317.8
3440.83	19312.2
3441.24	19434.8
3441.65	19332.2
3442.06	19344.8
3442.48	19465.8
3442.89	19309.8
3443.3	19327.2
3443.71	19254.2
3444.12	19387.2
3444.53	19519.2
3444.94	19392.1
3445.35	19435.2
3445.76	19363.2
3446.17	19398.2
3446.58	19342.2
3446.99	19351.2
3447.4	19367.2
3447.81	19342.9
3448.22	19264.8
3448.63	19386.6
3449.04	19492.2
3449.45	19423.2
3449.86	19383.8
3450.27	19381.8
3450.68	19335.2
3451.09	19339.8
3451.5	19401.8
3451.91	19348.2
3452.32	19381.8
3452.73	19425.2
3453.14	19516.2
3453.55	19459.4
3453.96	19595.2
3454.37	19510.2
3454.78	19505.4
3455.19	19400.8
3455.6	19450.5
3456.01	19439.2
3456.41	19402.2
3456.82	19433.8
3457.23	19510.2
3457.64	19399.2
3458.05	19568.2
3458.46	19524.8
3458.87	19469.2
3459.28	19596.2
3459.69	19610.8
3460.1	19508.9
3460.51	19471.8
3460.92	19540.2
3461.32	19518.8
3461.73	19424.2
3462.14	19513.2
3462.55	19491.8
3462.96	19616.2
3463.37	19574.8
3463.78	19541.3
3464.19	19558.2
3464.59	19504.2
3465	19560.2
3465.41	19572.8
3465.82	19464.2
3466.23	19450.8
3466.64	19503.8
3467.05	19536.2
3467.45	19593.2
3467.86	19530.2
3468.27	19510.2
3468.68	19607.2
3469.09	19512.2
3469.5	19572.2
3469.9	19582.2
3470.31	19648.2
3470.72	19628.8
3471.13	19567.8
3471.54	19483.8
3471.94	19649.2
3472.35	19594.2
3472.76	19648.8
3473.17	19532.2
3473.57	19772.2
3473.98	19665.6
3474.39	19754.2
3474.8	19736.2
3475.21	19700.3
3475.61	19675.1
3476.02	19569.2
3476.43	19695.2
3476.84	19806.8
3477.24	19658.2
3477.65	19728.3
3478.06	19723.3
3478.47	19675.8
3478.87	19698.2
3479.28	19771.2
3479.69	19691.2
3480.1	19711.2
3480.5	19699.8
3480.91	19634.8
3481.32	19734.8
3481.72	19743.2
3482.13	19800.2
3482.54	19815.2
3482.94	19854.2
3483.35	19872.2
3483.76	19909.2
3484.17	19835.7
3484.57	19847.8
3484.98	19820.6
3485.39	19928.2
3485.79	19725.2
3486.2	19879.2
3486.61	19803.8
3487.01	19720.8
3487.42	19811.4
3487.82	19654.2
3488.23	19834.2
3488.64	19780.2
3489.04	19765.8
3489.45	19668.2
3489.86	19733.2
3490.26	19811.2
3490.67	19879.2
3491.08	19985.8
3491.48	19881.8
3491.89	19900.2
3492.29	19999.2
3492.7	19897.8
3493.11	19780.2
3493.51	19992.2
3493.92	19925.2
3494.32	19830.2
3494.73	19941.2
3495.14	19893.2
3495.54	19926.2
3495.95	19862.4
3496.35	19860.5
3496.76	19859.7
3497.17	19863.5
3497.57	19836.6
3497.98	19843.2
3498.38	19845.7
3498.79	19853.1
3499.19	19856.4
3499.6	19859.5
3500	19804.2
3500.41	19812.1
3500.81	19843.4
3501.22	19887.9
3501.62	19978.8
3502.03	20093.8
3502.43	19990.8
3502.84	19988.2
3503.25	19952.2
3503.65	19967.8
3504.06	20108.8
3504.46	19966.6
3504.87	19973.9
3505.27	20038.2
3505.67	19972.8
3506.08	19955.2
3506.48	20034.8
3506.89	20006.2
3507.29	19936.9
3507.7	19857.2
3508.1	19987.2
3508.51	19924.2
3508.91	19972.2
3509.32	19931.2
3509.72	19999.8
3510.13	19916.4
3510.53	19906.2
3510.93	19972.1
3511.34	20091.8
3511.74	20104.2
3512.15	20065.8
3512.55	19995.2
3512.96	20125.2
3513.36	19935.8
3513.76	19884.2
3514.17	19893.2
3514.57	20043.2
3514.98	20014.2
3515.38	20046.8
3515.78	20093.2
3516.19	20158.2
3516.59	19986.2
3517	20110.2
3517.4	20014.2
3517.8	19980.2
3518.21	20038.6
3518.61	20146.8
3519.01	20162.8
3519.42	20014.8
3519.82	20068.2
3520.23	20110.8
3520.63	20184.2
3521.03	20123.6
3521.44	20122.6
3521.84	20125.2
3522.24	20083.8
3522.65	20140.2
3523.05	20097.1
3523.45	20124.2
3523.86	20010.2
3524.26	20113.2
3524.66	20101.5
3525.07	20120
3525.47	19977.2
3525.87	20196.2
3526.27	20078.2
3526.68	20039.2
3527.08	19965.8
3527.48	20169.8
3527.88	20081.2
3528.29	20082.2
3528.69	20117.2
3529.09	20075.2
3529.5	20159.2
3529.9	20183.8
3530.3	20198
3530.7	20135.2
3531.11	20304.2
3531.51	20261.8
3531.91	20124.2
3532.31	20156
3532.72	20140.2
3533.12	20047.2
3533.52	20107.8
3533.92	20268.2
3534.33	20168.8
3534.73	20093.2
3535.13	20280.2
3535.53	20229.2
3535.93	20069.6
3536.34	19990.3
3536.74	19864.8
3537.14	19796.2
3537.54	19982.8
3537.94	19969.5
3538.35	19851.2
3538.75	20087.8
3539.15	20244.2
3539.55	20212.2
3539.95	20278.8
3540.35	20402.8
3540.76	20334.8
3541.16	20254
3541.56	20315.8
3541.96	20274.8
3542.36	20126.8
3542.76	20212.3
3543.17	20232.3
3543.57	20224.8
3543.97	20151.8
3544.37	20367.2
3544.77	20265.2
3545.17	20396.2
3545.57	20244.7
3545.97	20252.8
3546.37	20065.8
3546.78	20102
3547.18	20092.2
3547.58	19934.2
3547.98	20068.8
3548.38	19965.2
3548.78	19966.2
3549.18	20153.2
3549.58	20224.2
3549.98	20130.2
3550.38	20150.2
3550.78	20044.2
3551.19	20196.2
3551.59	20185.7
3551.99	20130.8
3552.39	20223.2
3552.79	20245.2
3553.19	20252
3553.59	20266.2
3553.99	20220.8
3554.39	20319.8
3554.79	20232.9
3555.19	20060.8
3555.59	20085.2
3555.99	20173.5
3556.39	20285.2
3556.79	20127.2
3557.19	20309.5
3557.59	20402.8
3557.99	20400.2
3558.39	20313.4
3558.79	20443.8
3559.19	20270.2
3559.59	20363
3559.99	20260.2
3560.39	20448.2
3560.79	20425.8
3561.19	20302.2
3561.59	20364.4
3561.99	20408.8
3562.39	20345.2
3562.79	20371.1
3563.19	20324.2
3563.59	20445.2
3563.99	20398.8
3564.39	20436.2
3564.79	20324.8
3565.19	20380.9
3565.59	20356.2
3565.99	20379.8
3566.38	20457.2
3566.78	20525.8
3567.18	20417.2
3567.58	20408.2
3567.98	20514.2
3568.38	20302.2
3568.78	20368.4
3569.18	20288.8
3569.58	20395.8
3569.98	20357
3570.38	20370.2
3570.77	20348.2
3571.17	20318.8
3571.57	20478.2
3571.97	20384.8
3572.37	20513.8
3572.77	20495.8
3573.17	20411.8
3573.57	20363.2
3573.96	20296.2
3574.36	20260.2
3574.76	20352.8
3575.16	20239.2
3575.56	20305.8
3575.96	20305.2
3576.35	20285
3576.75	20262.2
3577.15	20288.5
3577.55	20185.2
3577.95	19891.4
3578.35	19882
3578.74	19988
3579.14	19906
3579.54	19765.3
3579.94	19952.7
3580.34	20050.3
3580.73	20073.7
3581.13	20141.7
3581.53	20308.7
3581.93	20165.1
3582.32	20433.5
3582.72	20350.7
3583.12	20466.1
3583.52	20422
3583.92	20446.8
3584.31	20553.1
3584.71	20391.1
3585.11	20305.4
3585.51	20520.8
3585.9	20273.2
3586.3	20354.2
3586.7	20356.7
3587.1	20416.2
3587.49	20343
3587.89	20353.6
3588.29	20276.3
3588.68	20135.5
3589.08	20199.1
3589.48	20164.3
3589.88	20272.1
3590.27	20074
3590.67	20121.7
3591.07	20251.9
3591.46	20411.7
3591.86	20346.4
3592.26	20466.9
3592.65	20353.6
3593.05	20467
3593.45	20219.1
3593.84	20290.6
3594.24	20210.6
3594.64	20251.6
3595.03	20266.7
3595.43	20182.7
3595.83	20324.2
3596.22	20231
3596.62	20189.2
3597.02	20028.8
3597.41	19903.1
3597.81	19904.6
3598.21	19787.6
3598.6	19888.5
3599	19889.1
3599.4	19976.1
3599.79	19924.1
3600.19	20095.6
3600.58	20197.9
3600.98	20075.9
3601.38	20044.3
3601.77	20055.1
3602.17	20180.7
3602.56	19999.9
3602.96	20056.1
3603.36	20122.4
3603.75	19991.9
3604.15	20026.6
3604.54	20130.6
3604.94	19963.8
3605.33	20023.7
3605.73	20131.3
3606.13	20061.1
3606.52	20091.5
3606.92	19990.7
3607.31	19947
3607.71	19804.8
3608.1	20014.3
3608.5	19786.3
3608.89	19887.8
3609.29	19924.1
3609.68	19972
3610.08	19858.3
3610.47	19836.4
3610.87	19836.2
3611.26	19757.2
3611.66	19635.3
3612.05	19719.9
3612.45	19729.9
3612.84	19713.9
3613.24	19746.4
3613.64	19875.7
3614.03	19946.9
3614.42	19892.2
3614.82	19893.6
3615.21	19924.3
3615.61	19755.2
3616	19883.9
3616.4	19870.3
3616.79	19805.8
3617.19	19786.9
3617.58	19771.3
3617.98	19773.4
3618.37	19939.4
3618.77	19755.3
3619.16	19874.2
3619.55	19855.1
3619.95	19869.8
3620.34	20068.9
3620.74	20020.4
3621.13	20062.8
3621.53	19937.9
3621.92	19982.2
3622.31	19922
3622.71	19914.5
3623.1	20019.3
3623.5	20044.3
3623.89	20032
3624.28	19837.5
3624.68	19945.8
3625.07	19839.4
3625.47	19942.6
3625.86	19940
3626.25	19906.4
3626.65	19890.9
3627.04	19909.6
3627.43	19955.7
3627.83	19896.8
3628.22	19945.3
3628.61	19907.6
3629.01	19908.9
3629.4	19879.9
3629.8	19919.4
3630.19	19814
3630.58	19842.5
3630.98	19791.3
3631.37	19857.9
3631.76	19715.3
3632.16	19711.6
3632.55	19759.9
3632.94	19754.8
3633.33	19779.7
3633.73	19786.9
3634.12	19762.4
3634.51	19862.9
3634.91	19693.7
3635.3	19708
3635.69	19583.2
3636.08	19500.9
3636.48	19361.9
3636.87	19348.4
3637.26	19405.1
3637.66	19278.2
3638.05	19258.9
3638.44	19244.3
3638.83	19392.4
3639.23	19267.2
3639.62	19433.4
3640.01	19455.6
3640.4	19297.7
3640.79	19372
3641.19	19494.4
3641.58	19550.2
3641.97	19487.5
3642.36	19538.9
3642.76	19460.1
3643.15	19690
3643.54	19590.5
3643.93	19656.1
3644.32	19567.4
3644.72	19632
3645.11	19452.7
3645.5	19578.8
3645.89	19426.3
3646.28	19397.6
3646.68	19486.6
3647.07	19554.6
3647.46	19511.6
3647.85	19572.4
3648.24	19389.4
3648.63	19568.3
3649.03	19453.9
3649.42	19504.7
3649.81	19362.9
3650.2	19365.2
3650.59	19224.1
3650.98	19291.1
3651.38	19384
3651.77	19357.8
3652.16	19380.1
3652.55	19387.1
3652.94	19543.9
3653.33	19480.6
3653.72	19574
3654.11	19636.7
3654.51	19609.4
3654.9	19496.6
3655.29	19222.2
3655.68	19234.2
3656.07	19224
3656.46	19277.5
3656.79	19199
3657.19	19343.5
3657.59	19282
3657.99	19210.5
3658.39	19199.5
3658.78	19281
3659.18	19144
3659.58	19312
3659.98	19195.6
3660.38	19083
3660.77	19236
3661.17	19122.5
3661.57	19295
3661.97	19022
3662.37	19272
3662.76	19113.5
3663.16	19231.5
3663.56	19132.5
3663.96	19147
3664.36	19130.5
3664.75	19015
3665.15	18868
3665.55	18816.1
3665.95	18643
3666.34	18854.5
3666.74	18622
3667.14	18680
3667.54	18649
3667.94	18733
3668.33	18706.1
3668.73	18651
3669.13	18743
3669.52	18730
3669.92	18951
3670.32	18908.5
3670.72	18890
3671.11	18923
3671.51	19012
3671.91	18971
3672.31	18913.8
3672.7	19002
3673.1	18891.5
3673.5	18855
3673.89	18851.5
3674.29	18809.5
3674.69	18881
3675.08	18867.5
3675.48	18820
3675.88	18971
3676.27	18867.5
3676.67	18819.7
3677.07	18865
3677.46	18679
3677.86	18508
3678.26	18396
3678.65	18291
3679.05	18328.8
3679.45	18318
3679.84	18186.5
3680.24	18269.5
3680.64	18404.5
3681.03	18614.5
3681.43	18501.5
3681.82	18542
3682.22	18770.5
3682.62	18793.5
3683.01	18665.3
3683.41	18719
3683.81	18717.8
3684.2	18575
3684.6	18667
3684.99	18785
3685.39	18663
3685.78	18721
3686.18	18536
3686.58	18618
3686.97	18529
3687.37	18387
3687.76	18415
3688.16	18395.5
3688.56	18391.7
3688.95	18343.5
3689.35	18473.5
3689.74	18332
3690.14	18463
3690.53	18435
3690.93	18587
3691.32	18662
3691.72	18659
3692.11	18746.5
3692.51	18603.7
3692.91	18586.6
3693.3	18563
3693.7	18537
3694.09	18394
3694.49	18560.5
3694.88	18592
3695.28	18457
3695.67	18403
3696.07	18576.5
3696.46	18546.5
3696.86	18325
3697.25	18230
3697.65	18291
3698.04	18429
3698.44	18314
3698.83	18375
3699.22	18320
3699.62	18479
3700.01	18447
3700.41	18407.5
3700.8	18325
3701.2	18397.2
3701.59	18345.3
3701.99	18399
3702.38	18201
3702.78	18156
3703.17	18201.7
3703.56	18106
3703.96	18028
3704.35	18082.3
3704.75	18186.1
3705.14	18253.7
3705.53	18302.2
3705.93	18341.8
3706.32	18343.8
3706.72	18341.4
3707.11	18337.9
3707.51	18323.4
3707.9	18202.5
3708.29	18263
3708.69	18524.5
3709.08	18440
3709.47	18533
3709.87	18506.3
3710.26	18542
3710.66	18567.5
3711.05	18557
3711.44	18456
3711.84	18405
3712.23	18370
3712.62	18483
3713.02	18362
3713.41	18574.5
3713.8	18525
3714.2	18382
3714.59	18557
3714.98	18451
3715.38	18410.5
3715.77	18350.5
3716.16	18276
3716.56	18251
3716.95	18138.5
3717.34	18278.8
3717.73	18281.5
3718.13	18319.5
3718.52	18260
3718.91	18331
3719.31	18203
3719.7	18323
3720.09	18195
3720.48	18120.4
3720.88	18066
3721.27	18036
3721.66	18116.5
3722.06	17922
3722.45	18028
3722.84	18106.5
3723.23	18091.8
3723.63	18073
3724.02	18059.5
3724.41	18125.5
3724.8	18218.5
3725.19	18262
3725.59	18322.5
3725.98	18233.5
3726.37	18161
3726.76	18261.5
3727.16	18314
3727.55	18212
3727.94	18402.5
3728.33	18431
3728.73	18415
3729.12	18329
3729.51	18324
3729.9	18267
3730.29	18228
3730.69	18218.5
3731.08	18219.6
3731.47	18195
3731.86	18330.5
3732.25	18204
3732.64	18194.5
3733.03	18113
3733.43	18257.5
3733.82	18281
3734.21	18247.5
3734.6	18107
3734.99	18161
3735.38	18273
3735.78	18194
3736.17	18241
3736.56	18241.5
3736.95	18258
3737.34	18142.5
3737.73	18344
3738.12	18292
3738.51	18311.5
3738.91	18329.5
3739.3	18243
3739.69	18088
3740.08	18140.5
3740.47	18139.5
3740.86	18267.5
3741.25	18111
3741.64	18159
3742.03	18088.5
3742.42	18149.9
3742.81	18187.1
3743.21	18158.7
3743.6	18157.9
3743.99	18160.3
3744.38	18105.7
3744.77	18105.6
3745.16	18106.9
3745.55	18105
3745.94	18104.6
3746.33	18157.8
3746.72	18180.7
3747.11	18127.5
3747.5	18202.5
3747.89	18110
3748.28	18210
3748.67	18112
3749.06	18025
3749.45	18131.5
3749.84	18058
3750.23	18027
3750.62	18221.5
3751.01	18130
3751.4	18233
3751.79	18131.5
3752.18	18209
3752.57	18415
3752.96	18302
3753.35	18401.5
3753.74	18232.5
3754.13	18430
3754.52	18248
3754.91	18183
3755.3	18275
3755.69	18242.8
3756.08	18213
3756.47	18205
3756.86	18284
3757.25	18318
3757.64	18193.1
3758.03	18154
3758.42	18019
3758.81	18086.8
3759.19	18071.5
3759.58	18010.5
3759.97	18036
3760.36	18236
3760.75	18270
3761.14	18129.5
3761.53	18239.5
3761.92	18270
3762.31	18195.5
3762.7	18265
3763.08	18236.2
3763.47	18234.4
3763.86	18243.5
3764.25	18338
3764.64	18227.5
3765.03	18219
3765.42	18195.5
3765.81	18334
3766.19	18270
3766.58	18277.5
3766.97	18310
3767.36	18148
3767.75	18058
3768.14	18167
3768.53	18087.5
3768.91	18177.4
3769.3	18062
3769.69	18127.3
3770.08	18129.1
3770.47	18169
3770.86	18286.5
3771.24	18262
3771.63	18133
3772.02	18259.6
3772.41	18226
3772.8	18328
3773.18	18277
3773.57	18272
3773.96	18179
3774.35	18223
3774.74	18237.5
3775.12	18207
3775.51	18235.5
3775.9	18230.5
3776.29	18237
3776.67	18207.5
3777.06	18246
3777.45	18230
3777.84	18255.5
3778.22	18015
3778.61	18039
3779	18142.5
3779.39	17990
3779.77	18149
3780.16	18078
3780.55	18116
3780.94	18301
3781.32	18255
3781.71	18247.5
3782.1	18268.9
3782.48	18289
3782.87	18240
3783.26	18376.5
3783.65	18256
3784.03	18264
3784.42	18296
3784.81	18153
3785.19	18251.9
3785.58	18233
3785.97	18287.5
3786.36	18221
3786.74	18116
3787.13	18113
3787.51	18076
3787.9	18124
3788.29	18086
3788.67	18087.5
3789.06	18173.5
3789.45	18204.5
3789.83	18027
3790.22	18197.5
3790.61	18247
3790.99	18122
3791.38	18084
3791.77	18099
3792.15	17987
3792.54	18110.1
3792.92	18153.5
3793.31	18220
3793.7	18206
3794.08	18051
3794.47	18298.5
3794.86	18224.4
3795.24	18119.5
3795.63	18153
3796.01	18190.3
3796.4	18214
3796.79	18154
3797.17	18189.5
3797.56	18077
3797.94	18082
3798.33	18064.5
3798.71	18152
3799.1	18217
3799.49	18297
3799.87	18299
3800.26	18304
3800.64	18218
3801.03	18216.5
3801.41	18055
3801.8	18106
3802.18	18189
3802.57	18245
3802.95	18055
3803.34	18162.5
3803.72	18355
3804.11	18274
3804.49	18227
3804.88	18302.5
3805.27	18236.4
3805.65	18149
3806.03	18178.5
3806.42	18084
3806.81	18149.5
3807.19	18237
3807.57	18206
3807.96	18216.4
3808.34	18253
3808.73	18322.5
3809.11	18212
3809.5	18254
3809.88	18337.5
3810.27	18114
3810.65	18293.5
3811.04	18164
3811.42	18186
3811.81	18194.5
3812.19	18094.5
3812.57	18262
3812.96	18213
3813.34	18289
3813.73	18263
3814.11	18231
3814.5	18244
3814.88	18248
3815.26	18119
3815.65	18233.9
3816.03	18243
3816.42	18202.5
3816.8	18249.8
3817.18	18328.5
3817.57	18208.5
3817.95	18261.5
3818.34	18365
3818.72	18373
3819.1	18195
3819.49	18294.5
3819.87	18183.5
3820.26	18224
3820.64	18181.8
3821.02	18184.1
3821.41	18182
3821.79	18157.3
3822.17	18158.6
3822.56	18156
3822.94	18155.3
3823.32	18155.5
3823.71	18180.6
3824.09	18177.6
3824.47	18143
3824.86	18135
3825.24	18059
3825.62	18174.5
3826.01	18294.5
3826.39	18227.5
3826.77	18186
3827.16	18295
3827.54	18378.5
3827.92	18367
3828.3	18213
3828.69	18339.5
3829.07	18072.5
3829.45	18149
3829.84	18117
3830.22	17946
3830.6	17990
3830.99	18091.5
3831.37	18039.5
3831.75	18008.5
3832.13	18141.5
3832.52	18089.5
3832.9	18232.5
3833.28	18338
3833.66	18328
3834.05	18350
3834.43	18171
3834.81	18257.5
3835.19	18241
3835.57	18137
3835.96	18087
3836.34	18170
3836.72	18184.3
3837.1	18205
3837.49	18112.5
3837.87	18277.5
3838.25	18182.5
3838.63	18080
3839.01	18077
3839.4	18108.9
3839.78	18108.8
3840.16	18132
3840.54	18096.5
3840.92	18146.8
3841.31	18279
3841.69	18170
3842.07	18219.5
3842.45	18146.5
3842.83	18136.5
3843.21	18362
3843.6	18211.7
3843.98	18245.5
3844.36	18260
3844.74	18151
3845.12	18210.6
3845.5	18131
3845.88	18196
3846.27	18309
3846.65	18238
3847.03	18237
3847.41	18244
3847.79	18337.5
3848.17	18120
3848.55	18165
3848.93	18135
3849.31	18075
3849.7	18106.6
3850.08	17989
3850.46	18142.5
3850.84	18064.5
3851.22	18156.2
3851.6	18204
3851.98	18263.5
3852.36	18315.5
3852.74	18078.5
3853.12	18179
3853.5	18017.5
3853.88	18110.5
3854.26	18048
3854.65	18039.3
3855.03	18030.8
3855.41	18026.3
3855.79	17933
3856.17	18067.5
3856.55	18141.5
3856.93	18060.5
3857.31	18193
3857.69	18123.5
3858.07	18132
3858.45	17836
3858.83	17881.5
3859.21	17856
3859.59	17855
3859.97	17949.5
3860.35	17991
3860.73	17959.1
3861.11	17885
3861.49	18073
3861.87	18112
3862.25	18102
3862.63	18095.7
3863.01	17991
3863.39	18219.5
3863.77	18084.6
3864.15	18069.3
3864.53	18041
3864.91	18031
3865.29	17939
3865.67	18033.5
3866.05	18129
3866.43	18036
3866.8	18020
3867.19	18001
3867.56	18039
3867.94	18000.5
3868.32	18082.5
3868.7	17915.8
3869.08	17747
3869.46	17850
3869.84	17893
3870.22	17827
3870.6	17832
3870.98	17911
3871.36	17948
3871.74	17899
3872.11	17835
3872.49	17956
3872.87	17982
3873.25	18003
3873.63	17997.5
3874.01	17929.5
3874.39	18008
3874.77	18106.5
3875.14	18050
3875.52	17984.3
3875.9	17867
3876.28	18058.5
3876.66	17800
3877.04	17859
3877.42	17830.5
3877.79	17882
3878.17	17785
3878.55	17805
3878.93	17968
3879.31	18107.5
3879.69	17940
3880.06	18144
3880.44	18050
3880.82	18040.8
3881.2	18144.5
3881.58	17968.5
3881.95	17838
3882.33	17885
3882.71	17911.5
3883.09	17832
3883.47	17952
3883.84	18097.5
3884.22	18009
3884.6	18009.9
3884.98	17953
3885.36	18127
3885.73	18047.5
3886.11	17897
3886.49	18037.5
3886.87	17998
3887.24	17926
3887.62	17977.5
3888	18099.5
3888.38	17890
3888.75	17911
3889.13	18005
3889.51	18067
3889.89	18056
3890.26	18041.5
3890.64	17956
3891.02	17931
3891.4	17965
3891.77	17814.5
3892.15	17923
3892.53	17876
3892.9	17910.4
3893.28	17895
3893.66	17857.5
3894.03	17940
3894.41	17953.3
3894.79	17984
3895.17	17913.8
3895.54	17912
3895.92	17802
3896.3	17811
3896.67	17800.5
3897.05	17507.5
3897.43	17617.2
3897.8	17553.9
3898.18	17337.3
3898.56	17253.4
3898.93	17027
3899.31	16931.2
3899.68	16985.2
3900.06	16743.2
3900.44	16637.6
3900.81	16733.7
3901.19	16750
3901.57	16664.4
3901.94	16647.4
3902.32	16541.9
3902.69	16434.7
3903.07	16429.7
3903.45	16369.8
3903.82	16381.9
3904.2	16208.6
3904.57	16013.3
3904.95	16056.3
3905.33	15973.5
3905.7	15772.3
3906.08	15772.6
3906.45	15705.9
3906.83	15630.3
3907.21	15410.4
3907.58	15331
3907.96	15340.5
3908.33	15266.1
3908.71	15125.1
3909.08	15036.7
3909.46	15001.7
3909.83	14853.3
3910.21	14697.4
3910.59	14528.4
3910.96	14456.3
3911.34	14390.5
3911.71	14292.8
3912.09	14156.7
3912.46	14184.8
3912.84	14010.3
3913.21	14034.2
3913.59	13948.7
3913.96	13928.5
3914.34	13921.9
3914.71	13575.2
3915.09	13489
3915.46	13404.4
3915.84	13350.7
3916.21	13176.5
3916.59	13065.8
3916.96	13078.7
3917.34	12789.7
3917.71	12742.7
3918.09	12745.6
3918.46	12780.9
3918.84	12603.6
3919.21	12529.9
3919.59	12456.4
3919.96	12372.2
3920.33	12135.9
3920.71	12167.3
3921.08	12159.9
3921.46	11977.5
3921.83	11999.2
3922.21	12083
3922.58	11912.1
3922.96	11789.7
3923.33	11718.3
3923.7	11671.9
3924.08	11484.2
3924.45	11480.8
3924.83	11387.7
3925.2	11252.2
3925.57	11232.9
3925.95	11253.8
3926.32	10950.7
3926.7	10933.3
3927.07	10873.1
3927.45	10847.5
3927.82	10694.6
3928.19	10525.5
3928.57	10344.9
3928.94	10305.5
3929.31	10238.1
3929.69	10019.8
3930.06	10031.7
3930.43	10040.4
3930.81	9807.21
3931.18	9872.91
3931.56	9799.7
3931.93	9733.16
3932.3	9534.71
3932.67	9489.64
3933.05	9504.85
3933.42	9289.63
3933.8	9292.55
3934.17	9198.02
3934.54	9035.48
3934.91	8899.5
3935.29	8891.78
3935.66	8818.78
3936.03	8685.12
3936.41	8640.96
3936.78	8427.59
3937.15	8428.74
3937.53	8361.04
3937.9	8249.07
3938.27	8161.03
3938.65	8038.29
3939.02	7933.89
3939.39	7919.87
3939.76	7823.2
3940.14	7685.59
3940.51	7641.19
3940.88	7531.43
3941.25	7565.27
3941.63	7458.86
3942	7297.7
3942.37	7220.17
3942.74	7171.22
3943.12	7142.13
3943.49	6912.92
3943.86	6861.02
3944.23	6808.15
3944.61	6663.86
3944.98	6666.19
3945.35	6538.89
3945.72	6448.87
3946.09	6368.15
3946.47	6300.64
3946.84	6173.86
3947.21	6012.54
3947.58	5917.51
3947.95	5880.17
3948.33	5721.09
3948.7	5637.28
3949.07	5562.34
3949.44	5451.47
3949.81	5426.49
3950.18	5333.09
3950.56	5227.31
3950.93	5222.92
3951.3	5085.7
3951.67	5008.67
3952.04	4906.63
3952.42	4796.1
3952.79	4671.46
3953.16	4606.82
3953.53	4516.36
3953.9	4417.07
3954.27	4353.42
3954.64	4240.97
3955.02	4221.9
3955.39	4114.24
3955.76	3992.16
3956.13	3929.94
3956.5	3851.39
3956.87	3766.94
3957.24	3692.55
3957.61	3592.54
3957.98	3496.03
3958.36	3390.7
3958.73	3339.66
3959.1	3242.87
3959.47	3133.46
3959.84	3060
3960.21	3026.81
3960.58	2899.42
3960.95	2822.93
3961.32	2665.82
3961.69	2608.56
3962.06	2515.96
3962.44	2436.45
3962.8	2330.56
3963.18	2259.58
3963.55	2156.3
3963.92	2089.45
3964.29	1994.78
3964.66	1913.19
3965.03	1807.06
3965.4	1726.02
3965.77	1624.57
3966.14	1534.14
3966.51	1452.62
3966.88	1355.37
3967.25	1253.45
3967.62	1172.23
3967.99	1082.6
3968.36	991.587
3968.73	903.284
3969.1	806.731
3969.47	721.174
3969.84	628.503
3970.21	546.94
3970.58	457.624
3970.95	362.209
3971.32	266.985
3971.69	178.095
3972.06	89.5871
3972.43	0
3972.76	0
3973.13	0
3973.51	0
3973.89	0
3974.27	0
3974.64	0
3975.02	0
3975.4	0
3975.77	0
3976.15	0
3976.53	0
3976.9	0
3977.28	0
3977.66	0
3978.03	0
3978.41	0
3978.79	0
3979.16	0
3979.54	0
3979.92	0
3980.29	0
3980.67	0
3981.05	0
3981.42	0
3981.8	0
3982.17	0
3982.55	0
3982.93	0
3983.3	0
3983.68	0
3984.06	0
3984.43	0
3984.81	0
3985.18	0
3985.56	0
3985.94	0
3986.31	0
3986.69	0
3987.06	0
3987.44	0
3987.82	0
3988.19	0
3988.57	0
3988.94	0
3989.32	0
3989.69	0
3990.07	0
3990.45	0
3990.82	0
3991.2	0
3991.57	0
3991.95	0
3992.32	0
3992.7	0
3993.07	0
3993.45	0
3993.82	0
3994.2	0
3994.57	0
3994.95	0
3995.32	0
3995.7	0
3996.07	0
3996.45	0
3996.82	0
3997.2	0
3997.57	0
3997.95	0
3998.32	0
3998.7	0
3999.07	0
3999.45	0
3999.82	0
