20.3887	5428.66
21.0651	5428.66
21.7414	5490.66
22.4176	5674.66
23.0939	5686.66
23.77	5691.66
24.4462	5702.66
25.1222	5728.66
25.7983	5737.66
26.4742	5765.66
27.1502	5964.66
27.8261	6170.66
28.5019	6375.66
29.1777	6393.66
29.8534	6393.66
30.5291	6393.66
31.2048	6434.66
31.8804	6462.66
32.5559	6689.66
33.2314	6689.66
33.9069	6689.66
34.5823	6689.66
35.2577	6689.66
35.933	6761.66
36.6083	6887.66
37.2835	6965.66
37.9587	6965.66
38.6338	7023.66
39.3066	7048.66
39.9817	7077.66
40.6566	7098.66
41.3316	7131.66
42.0065	7131.66
42.6813	7170.66
43.3539	7215.66
44.0286	7227.66
44.7033	7341.66
45.378	7385.66
46.0526	7405.66
46.7249	7461.66
47.3994	7525.66
48.0739	7527.66
48.7483	7630.66
49.4204	7633.66
50.0947	7548.66
50.769	7610.66
51.4433	7610.66
52.1152	7610.66
52.7893	7610.66
53.4634	7610.66
54.1352	7548.66
54.8092	7535.66
55.4831	7493.66
56.1548	7493.66
56.8286	7493.66
57.5024	7493.66
58.1739	7491.66
58.8477	7491.66
59.5213	7491.66
60.1927	7491.66
60.8663	7491.66
61.5375	7515.66
62.211	7527.66
62.8845	7615.66
63.5556	7615.82
64.2289	7615.82
64.8999	7615.82
65.5732	7615.82
66.2441	7615.82
66.9173	7615.82
67.5881	7632.66
68.2612	7632.66
68.9319	7632.66
69.6049	7615.82
70.2755	7584.66
70.9484	7572.66
71.619	7470.41
72.2918	7457.66
72.9622	7454.66
73.6349	7434.66
74.3053	7434.66
74.9756	7434.66
75.6482	7435.6
76.3184	7435.6
76.9909	7454.66
77.661	7435.6
78.3311	7435.6
79.0034	7428.3
79.6734	7428.3
80.3433	7408.26
81.0155	7428.3
81.6854	7406.66
82.3552	7406.66
83.0272	7327.66
83.6969	7309.66
84.3666	7264.66
85.0385	7264.66
85.7081	7264.66
86.3776	7245.66
87.0471	7245.66
87.7188	7181.66
88.3882	7181.66
89.0575	7159.66
89.7268	7159.66
90.3961	7159.66
91.0676	7181.66
91.7367	7181.66
92.4059	7159.66
93.0749	7159.66
93.7439	7184.66
94.4152	7184.66
95.0841	7184.66
95.753	7159.66
96.4218	7055.66
97.0906	7040.66
97.7594	7015.66
98.4281	7000.66
99.0967	6990.66
99.7676	6983.66
100.436	6958.66
101.105	6955.66
101.773	6952.66
102.442	6952.66
103.11	6951.66
103.778	6891.66
104.447	6891.66
105.115	6881.66
105.783	6881.66
106.451	6881.66
107.119	6860.66
107.787	6849.66
108.455	6850.66
109.123	6849.66
109.791	6841.66
110.459	6841.66
111.127	6832.66
111.795	6782.66
112.462	6772.66
113.13	6772.66
113.795	6772.66
114.463	6782.66
115.13	6782.66
115.798	6755.66
116.465	6755.66
117.133	6749.66
117.8	6716.66
118.467	6716.66
119.132	6704.66
119.8	6427.66
120.467	6427.66
121.134	6427.66
121.801	6427.66
122.466	6427.66
123.133	6427.66
123.8	6477.66
124.467	6477.66
125.133	6477.66
125.798	6477.66
126.465	6496.66
127.131	6496.66
127.796	6558.66
128.462	6496.66
129.129	6435.66
129.796	6434.66
130.46	6430.66
131.126	6430.66
131.793	6434.66
132.457	6434.66
133.123	6434.66
133.789	6430.66
134.453	6425.66
135.119	6410.66
135.783	6373.66
136.449	6354.66
137.115	6354.66
137.779	6373.66
138.445	6354.66
139.108	6354.66
139.774	6347.66
140.438	6347.66
141.104	6347.66
141.769	6327.66
142.433	6327.66
143.098	6318.66
143.762	6302.66
144.427	6261.66
145.09	6261.66
145.756	6261.66
146.419	6261.66
147.084	6261.66
147.747	6261.66
148.41	6259.66
149.075	6261.66
149.738	6261.66
150.403	6168.66
151.066	6168.66
151.731	6140.66
152.394	6137.66
153.056	6109.66
153.721	6109.66
154.384	6109.66
155.046	6109.66
155.711	6109.66
156.374	6107.66
157.036	6107.66
157.701	6100.66
158.363	6082.66
159.025	6052.66
159.69	6061.66
160.352	6052.66
161.014	6052.66
161.676	6029.66
162.34	6029.66
163.002	5995.66
163.664	5987.66
164.326	5973.66
164.99	5908.66
165.652	5908.66
166.314	5906.66
166.975	5904.66
167.637	5904.66
168.301	5904.66
168.962	5906.66
169.624	5908.66
170.285	5921.66
170.947	5928.66
171.608	5928.66
172.272	5928.66
172.933	5921.66
173.594	5928.66
174.255	5928.66
174.917	5928.66
175.578	5961.66
176.239	5928.66
176.9	5921.66
177.561	5907.66
178.222	5895.66
178.882	5907.66
179.543	5907.66
180.204	5907.66
180.865	5901.66
181.526	5901.66
182.186	5901.66
182.847	5901.66
183.507	5907.66
184.168	5901.66
184.828	5901.66
185.489	5901.66
186.149	5901.66
186.809	5901.66
187.47	5928.66
188.13	5938.66
188.79	5956.66
189.45	5941.66
190.11	5938.66
190.768	5928.66
191.428	5928.66
192.088	5938.66
192.748	5941.66
193.408	5956.66
194.068	5968.66
194.728	5999.66
195.385	5999.66
196.045	5999.66
196.705	5999.66
197.364	5999.66
198.021	5999.66
198.681	5999.66
199.34	5997.66
200	5978.66
200.657	5915.66
201.316	5915.66
201.976	5902.66
202.635	5902.66
203.292	5915.66
203.951	5928.66
204.61	5915.66
205.267	5915.66
205.926	5916.66
206.585	5928.66
207.242	5928.66
207.9	5935.66
208.559	5935.66
209.216	5942.66
209.875	5942.66
210.533	5942.66
211.19	5962.66
211.848	5974.66
212.505	6020.66
213.163	6000.66
213.819	6000.66
214.478	6000.66
215.134	6020.66
215.792	6035.66
216.451	6048.66
217.107	6075.66
217.765	6076.66
218.421	6075.66
219.079	6075.66
219.735	6075.66
220.391	6075.66
221.049	6076.66
221.704	6076.66
222.362	6076.66
223.018	6084.66
223.675	6076.66
224.331	6058.66
224.989	6058.66
225.644	6087.66
226.3	6087.66
226.957	6044.66
227.612	6055.66
228.268	6044.66
228.925	6055.66
229.58	6044.66
230.235	6044.66
230.893	6044.66
231.548	6055.66
232.203	6054.66
232.86	6027.66
233.515	6054.66
234.17	6055.66
234.827	6058.66
235.481	6071.66
236.136	6166.66
236.791	6193.66
237.448	6193.66
238.102	6194.66
238.757	6194.66
239.411	6209.66
240.066	6254.66
240.722	6254.66
241.377	6254.66
242.031	6254.66
242.685	6254.66
243.339	6275.66
243.993	6277.66
244.648	6279.66
245.304	6279.66
245.958	6279.66
246.612	6279.66
247.266	6291.66
247.92	6286.66
248.574	6286.66
249.227	6286.66
249.881	6305.66
250.535	6286.66
251.189	6286.66
251.842	6272.66
252.496	6286.66
253.149	6309.66
253.803	6309.66
254.456	6317.66
255.11	6332.66
255.763	6332.66
256.416	6332.66
257.07	6337.66
257.723	6369.66
258.376	6369.66
259.029	6375.66
259.682	6406.66
260.335	6409.66
260.988	6406.66
261.641	6409.66
262.294	6409.66
262.947	6409.66
263.598	6415.66
264.251	6415.66
264.903	6460.66
265.556	6460.66
266.209	6460.66
266.861	6460.66
267.512	6460.66
268.164	6488.66
268.817	6518.66
269.469	6518.66
270.121	6531.66
270.772	6531.66
271.424	6546.66
272.076	6546.66
272.728	6580.66
273.378	6581.66
274.03	6581.66
274.682	6580.66
275.332	6580.66
275.984	6546.66
276.636	6580.66
277.288	6612.66
277.938	6637.66
278.59	6637.66
279.239	6647.66
279.891	6652.66
280.542	6652.66
281.192	6672.66
281.843	6695.66
282.495	6698.66
283.144	6698.66
283.796	6698.66
284.445	6698.66
285.096	6698.66
285.745	6716.66
286.397	6716.66
287.048	6749.66
287.697	6749.66
288.348	6718.66
288.997	6718.66
289.648	6718.66
290.297	6749.66
290.948	6749.66
291.596	6749.66
292.247	6718.66
292.896	6714.66
293.544	6681.66
294.195	6675.66
294.844	6668.66
295.494	6622.66
296.143	6622.66
296.793	6622.66
297.441	6622.66
298.09	6622.66
298.74	6622.66
299.388	6665.66
300.036	6715.66
300.687	6806.66
301.335	6857.66
301.983	6857.66
302.633	6873.66
303.281	6901.66
303.929	6904.66
304.579	6923.66
305.227	6929.66
305.874	6929.66
306.522	6937.66
307.172	6996.66
307.819	6996.66
308.467	7003.66
309.114	7004.66
309.764	7036.66
310.412	7047.66
311.059	7036.66
311.706	7047.66
312.354	7047.66
313.003	7036.66
313.65	7047.66
314.297	7047.66
314.944	7036.66
315.592	7036.66
316.239	7036.66
316.886	7047.66
317.535	7060.66
318.182	7130.66
318.828	7146.66
319.475	7155.66
320.122	7155.66
320.769	7210.66
321.415	7203.66
322.062	7247.66
322.709	7247.66
323.355	7247.66
324.002	7262.66
324.648	7263.66
325.294	7263.66
325.941	7263.66
326.587	7263.66
327.233	7263.66
327.88	7255.66
328.526	7263.66
329.172	7263.66
329.818	7263.66
330.464	7263.66
331.11	7260.66
331.754	7260.66
332.4	7290.66
333.046	7290.66
333.692	7290.66
334.337	7347.66
334.983	7354.66
335.629	7354.66
336.275	7377.66
336.918	7395.66
337.564	7400.66
338.209	7400.66
338.855	7433.66
339.5	7449.66
340.143	7495.66
340.789	7497.66
341.434	7497.66
342.079	7514.66
342.722	7516.66
343.367	7527.66
344.012	7527.66
344.658	7572.66
345.3	7596.66
345.945	7649.66
346.59	7671.66
347.233	7676.66
347.878	7696.66
348.523	7700.66
349.165	7743.66
349.81	7743.66
350.455	7743.66
351.097	7749.66
351.742	7772.66
352.384	7777.66
353.029	7777.66
353.673	7777.66
354.315	7777.66
354.96	7800.66
355.602	7803.66
356.246	7807.66
356.888	7837.66
357.533	7960.66
358.175	7980.66
358.819	7973.66
359.461	7960.66
360.105	7960.66
360.746	7973.66
361.39	7980.66
362.032	7980.66
362.676	8003.66
363.318	8003.66
363.961	8003.66
364.603	8003.66
365.247	8021.66
365.888	8072.66
366.529	8074.66
367.173	8146.66
367.814	8146.66
368.456	8146.66
369.099	8166.66
369.74	8204.66
370.381	8275.66
371.025	8278.66
371.666	8278.66
372.307	8278.66
372.95	8275.66
373.591	8278.66
374.232	8278.66
374.875	8278.66
375.516	8320.66
376.156	8338.66
376.797	8359.66
377.44	8397.66
378.081	8409.66
378.721	8409.66
379.362	8468.66
380.002	8490.66
380.645	8521.66
381.285	8536.66
381.926	8536.66
382.566	8536.66
383.206	8536.66
383.847	8536.66
384.489	8536.66
385.129	8536.66
385.769	8545.66
386.409	8574.66
387.049	8574.66
387.689	8597.66
388.329	8613.66
388.969	8686.66
389.609	8698.66
390.249	8721.66
390.889	8726.66
391.528	8732.66
392.168	8741.66
392.81	8771.66
393.449	8783.66
394.089	8792.66
394.726	8815.66
395.366	8831.66
396.005	8857.66
396.645	8831.66
397.284	8831.66
397.923	8831.66
398.562	8859.66
399.202	8877.66
399.841	8954.66
400.48	8954.66
401.119	8954.66
401.758	8954.66
402.397	8954.66
403.034	8961.66
403.673	8967.66
404.311	8978.66
404.95	9036.66
405.589	9083.66
406.228	9083.66
406.864	9109.66
407.503	9110.66
408.142	9112.66
408.78	9135.66
409.419	9189.66
410.055	9135.66
410.693	9189.66
411.332	9189.66
411.968	9189.66
412.606	9198.66
413.244	9198.66
413.883	9231.66
414.519	9231.66
415.157	9223.66
415.795	9223.66
416.431	9277.66
417.069	9327.66
417.707	9359.66
418.342	9386.66
418.98	9441.66
419.616	9441.66
420.254	9410.66
420.891	9411.66
421.527	9441.66
422.165	9478.66
422.8	9478.66
423.438	9483.66
424.075	9478.66
424.71	9478.66
425.348	9478.66
425.983	9478.66
426.62	9488.66
427.256	9504.66
427.893	9530.66
428.528	9638.66
429.165	9709.66
429.8	9765.66
430.435	9799.66
431.072	9819.66
431.707	9827.66
432.344	9839.66
432.979	9847.66
433.615	9847.66
434.25	9856.66
434.885	9860.66
435.521	9869.66
436.156	9883.66
436.79	9893.66
437.427	9934.66
438.061	9996.66
438.696	10021.7
439.332	10021.7
439.967	10107.7
440.601	10107.7
441.237	10145.7
441.871	10168.7
442.505	10168.7
443.142	10168.7
443.776	10172.7
444.41	10203.7
445.044	10218.6
445.678	10235.7
446.314	10285.7
446.947	10297.2
447.581	10297.2
448.215	10310.4
448.849	10310.4
449.484	10366.9
450.118	10380.6
450.752	10416.8
451.385	10420.1
452.018	10443.6
452.652	10420.1
453.285	10404.3
453.921	10404.3
454.554	10420.1
455.187	10443.6
455.821	10443.6
456.454	10443.6
457.087	10443.6
457.72	10460.5
458.353	10460.5
458.986	10460.5
459.619	10477.6
460.252	10562.5
460.885	10562.5
461.518	10562.5
462.15	10562.5
462.783	10562.5
463.416	10581.4
464.048	10594.2
464.681	10594.2
465.314	10581.4
465.946	10594.2
466.579	10594.2
467.209	10564.5
467.841	10644.7
468.474	10644.7
469.106	10681.2
469.738	10687.4
470.371	10693.8
471.003	10709.6
471.633	10687.4
472.265	10687.4
472.897	10687.4
473.529	10706.9
474.161	10723.4
474.791	10723.4
475.423	10723.4
476.054	10723.4
476.686	10706.9
477.318	10706.9
477.948	10706.9
478.579	10706.9
479.211	10740.6
479.84	10740.6
480.472	10673.9
481.103	10658.5
481.733	10658.5
482.364	10673.9
482.996	10716.3
483.625	10716.3
484.256	10710.2
484.887	10658.5
485.516	10658.5
486.148	10562
486.779	10562
487.408	10562
488.039	10547.3
488.668	10547.3
489.298	10527.2
489.927	10503.8
490.558	10491
491.187	10449.7
491.818	10449.1
492.446	10403.8
493.077	10355.7
493.705	10354.8
494.336	10281.9
494.964	10251
495.595	10201.3
496.223	10181.2
496.854	10020.8
497.482	10002.9
498.112	9861.74
498.741	9801.77
499.371	9757.16
499.999	9751.08
500.627	9591.85
501.257	9537.06
501.885	9480.09
502.513	9459.46
503.143	9306.12
503.771	9236.12
504.399	9115.87
505.029	9060.59
505.656	8899.78
506.284	8885.17
506.914	8856.98
507.541	8854.97
508.169	8719.82
508.796	8643.92
509.426	8593.69
510.054	8589.57
510.681	8462.83
511.308	8411.77
511.938	8262.34
512.565	8244.73
513.192	8128.7
513.819	8126.02
514.446	8079.48
515.076	8041.11
515.703	7843.55
516.33	7840.28
516.957	7788.62
517.584	7680.19
518.21	7627.2
518.837	7592.24
519.464	7532.53
520.093	7521.01
520.72	7455.54
521.346	7381.85
521.973	7366.49
522.6	7336.65
523.226	7335.38
523.853	7295.43
524.479	7162.22
525.105	7074.38
525.732	7070.51
526.358	7014.34
526.984	7011.59
527.611	6928.78
528.237	6884
528.863	6876.13
529.489	6858.81
530.115	6818.09
530.741	6775.15
531.365	6751.37
531.991	6691.18
532.617	6639.97
533.243	6603.63
533.869	6587.72
534.495	6544.97
535.12	6535.2
535.746	6533.08
536.369	6498.78
536.995	6494.92
537.621	6489.63
538.246	6481.52
538.872	6481.52
539.495	6461.22
540.12	6431.34
540.746	6405.58
541.371	6347.03
541.994	6283.33
542.62	6256.06
543.245	6252.57
543.87	6218
544.493	6181.13
545.118	6181.13
545.743	6144.47
546.366	6141.3
546.991	6102.53
547.616	6102.53
548.238	6102.53
548.863	6102.53
549.488	6095.49
550.111	6102.53
550.735	6095.49
551.36	6095.49
551.982	6076.88
552.607	6095.49
553.229	6095.49
553.854	6105.12
554.476	6100.57
555.101	6095.49
555.723	6095.49
556.347	6047.54
556.969	6023.06
557.594	6023.06
558.216	6023.06
558.84	6023.06
559.462	6015.66
560.086	6000.61
560.708	5974.01
561.332	5971.25
561.954	5971.25
562.578	5966.2
563.199	5966.2
563.821	5966.2
564.445	5966.2
565.066	5966.07
565.69	5941.54
566.312	5966.07
566.933	5964.19
567.557	5946.24
568.178	5946.24
568.799	5941.54
569.423	5941.54
570.044	5931.91
570.665	5922.4
571.289	5922.4
571.91	5922.4
572.531	5922.4
573.152	5900.38
573.775	5899.66
574.396	5884.85
575.017	5877.23
575.638	5865.21
576.261	5865.21
576.882	5818.78
577.503	5865.21
578.123	5864.79
578.744	5818.78
579.365	5803.05
579.987	5803.05
580.608	5795.88
581.229	5789.27
581.849	5789.27
582.47	5781.36
583.09	5774.63
583.71	5765.1
584.331	5728.31
584.951	5710.68
585.571	5684.08
586.194	5661.77
586.814	5661.77
587.434	5653.57
588.054	5653.57
588.674	5653.57
589.294	5644.98
589.914	5644.98
590.534	5644.98
591.154	5653.57
591.774	5655.76
592.391	5690.1
593.011	5703.87
593.631	5703.87
594.25	5703.87
594.87	5690.1
595.49	5655.76
596.109	5655.76
596.729	5653.99
597.348	5626.84
597.967	5626.84
598.585	5625.31
599.204	5617.92
599.823	5617.32
600.443	5617.32
601.062	5614.93
601.681	5610.15
602.298	5594.4
602.917	5588.83
603.536	5577.78
604.155	5577.78
604.772	5541.51
605.391	5504.4
606.01	5491.73
606.629	5477.69
607.245	5470.58
607.864	5442.1
608.483	5438.18
609.099	5438.18
609.718	5438.18
610.337	5419.6
610.953	5418.69
611.572	5415.66
612.19	5418.69
612.806	5415.66
613.425	5406.22
614.043	5406.22
614.659	5370.72
615.278	5406.22
615.894	5362
616.512	5351.03
617.128	5348.79
617.746	5330.35
618.364	5330.35
618.98	5330.35
619.598	5330.35
620.214	5342.94
620.832	5320.63
621.448	5318.5
622.065	5310.7
622.681	5310.7
623.297	5302.85
623.914	5294.28
624.53	5275.36
625.148	5275.36
625.763	5272.78
626.381	5251.33
626.996	5230.75
627.611	5230.75
628.229	5251.33
628.844	5272.78
629.459	5275.36
630.076	5275.36
630.692	5272.78
631.307	5230.75
631.924	5223
632.539	5230.75
633.154	5320.47
633.771	5330.51
634.386	5330.51
635.001	5235.21
635.615	5198.8
636.232	5191.04
636.847	5191.04
637.462	5223.01
638.076	5223.01
638.693	5230.36
639.308	5230.36
639.922	5230.36
640.537	5230.36
641.151	5223.01
641.768	5223.01
642.382	5223.01
642.996	5223.01
643.611	5221.85
644.225	5196.34
644.277	5147.34
644.897	5145.34
645.52	5119.34
646.141	5100.34
646.763	5100.34
647.386	5049.34
648.006	5049.34
648.629	5039.34
649.249	5039.34
649.872	5039.34
650.492	5039.34
651.114	5044.34
651.735	5049.34
652.357	5066.34
652.977	5076.34
653.599	5076.34
654.219	5089.34
654.841	5089.34
655.461	5092.34
656.084	5092.34
656.703	5102.34
657.325	5092.34
657.945	5089.34
658.567	5089.34
659.187	5076.34
659.807	5083.34
660.428	5083.34
661.048	5083.34
661.67	5083.34
662.289	5083.34
662.909	5083.34
663.53	5078.34
664.15	5078.34
664.769	5079.34
665.39	5078.34
666.01	5079.34
666.629	5078.34
667.25	5072.34
667.869	5072.34
668.488	5078.34
669.107	5072.34
669.729	5055.34
670.348	5055.34
670.966	5055.34
671.585	5055.34
672.206	5045.34
672.825	5020.34
673.444	5045.34
674.063	5045.34
674.681	5020.34
675.3	5020.34
675.921	5043.34
676.539	5043.34
677.158	5043.34
677.776	5045.34
678.395	5057.34
679.013	5057.34
679.632	5066.34
680.252	5102.34
680.87	5092.34
681.489	5092.34
682.107	5075.34
682.725	5075.34
683.343	5092.34
683.961	5102.34
684.579	5092.34
685.197	5092.34
685.815	5092.34
686.433	5075.34
687.051	5070.34
687.669	5059.34
688.287	5059.34
688.904	5059.34
689.522	5070.34
690.14	5061.34
690.757	5061.34
691.375	5061.34
691.992	5061.34
692.608	5061.34
693.225	5061.34
693.843	5061.34
694.46	5078.34
695.077	5061.34
695.695	5086.34
696.312	5061.34
696.929	5074.34
697.544	5074.34
698.161	5086.34
698.779	5074.34
699.396	5086.34
700.013	5086.34
700.628	5097.34
701.244	5097.34
701.861	5097.34
702.478	5129.34
703.095	5136.34
703.71	5145.34
704.326	5145.34
704.943	5136.34
705.558	5136.34
706.174	5136.34
706.791	5082.34
707.407	5082.34
708.022	5082.34
708.638	5082.34
709.255	5041.34
709.869	5024.34
710.485	5022.34
711.099	5022.34
711.716	5022.34
712.332	5022.34
712.946	5087.34
713.562	5093.34
714.176	5093.34
714.792	5093.34
715.408	5093.34
716.022	5106.34
716.638	5111.34
717.251	5143.34
717.867	5196.34
718.481	5210.34
719.097	5211.34
719.71	5210.34
720.326	5210.34
720.939	5201.34
721.555	5210.34
722.168	5224.34
722.784	5226.34
723.397	5226.34
724.013	5226.34
724.626	5294.34
725.239	5322.34
725.855	5322.34
726.468	5322.34
727.083	5322.34
727.696	5322.34
728.309	5322.34
728.924	5253.34
729.537	5246.34
730.15	5245.34
730.765	5245.34
731.378	5245.34
731.991	5245.34
732.605	5246.34
733.218	5253.34
733.831	5245.34
734.446	5245.34
735.058	5280.34
735.671	5280.34
736.283	5280.34
736.898	5280.34
737.51	5282.34
738.123	5282.34
738.735	5282.34
739.347	5285.34
739.962	5258.34
740.574	5285.34
741.186	5285.34
741.798	5285.34
742.41	5285.34
743.022	5300.34
743.636	5300.34
744.248	5300.34
744.86	5296.34
745.472	5296.34
746.084	5296.34
746.696	5321.34
747.308	5296.34
747.919	5296.34
748.531	5281.34
749.143	5296.34
749.754	5296.34
750.366	5348.34
750.978	5350.34
751.589	5353.34
752.201	5364.34
752.812	5367.34
753.423	5369.34
754.035	5390.34
754.646	5407.34
755.257	5476.34
755.868	5486.34
756.48	5503.34
757.091	5503.34
757.702	5503.34
758.313	5503.34
758.924	5484.34
759.535	5503.34
760.146	5504.34
760.755	5504.34
761.365	5504.34
761.976	5504.34
762.587	5521.34
763.198	5484.34
763.809	5484.34
764.417	5521.34
765.028	5537.34
765.638	5540.34
766.249	5537.34
766.859	5534.34
767.468	5534.34
768.078	5534.34
768.688	5534.34
769.299	5540.34
769.907	5569.34
770.517	5569.34
771.127	5569.34
771.735	5569.34
772.346	5569.34
772.956	5647.34
773.564	5652.34
774.174	5654.34
774.784	5654.34
775.391	5654.34
776.001	5669.34
776.611	5669.34
777.219	5676.34
777.829	5676.34
778.436	5676.34
779.046	5676.34
779.656	5654.34
780.263	5661.34
780.873	5654.34
781.48	5661.34
782.09	5661.34
782.697	5661.34
783.306	5683.34
783.914	5683.34
784.523	5686.34
785.13	5686.34
785.739	5694.34
786.347	5698.34
786.956	5701.34
787.563	5786.34
788.172	5786.34
788.779	5805.34
789.388	5810.34
789.995	5805.34
790.602	5805.34
791.21	5805.34
791.817	5792.34
792.424	5810.34
793.033	5810.34
793.639	5832.34
794.248	5792.34
794.855	5792.34
795.461	5792.34
796.07	5792.34
796.676	5792.34
797.282	5808.34
797.889	5821.34
798.497	5821.34
799.104	5821.34
799.71	5821.34
800.316	5808.34
800.924	5821.34
801.53	5821.34
802.136	5821.34
802.742	5821.34
803.351	5821.34
803.957	5825.34
804.562	5825.34
805.168	5826.34
805.774	5825.34
806.38	5825.34
806.988	5826.34
807.594	5826.34
808.199	5826.34
808.805	5825.34
809.41	5825.34
810.016	5826.34
810.622	5835.34
811.227	5835.34
811.833	5835.34
812.438	5865.34
813.043	5835.34
813.651	5802.03
814.256	5802.03
814.861	5802.03
815.466	5802.03
816.072	5798.8
816.677	5798.8
817.282	5797.14
817.887	5798.8
818.492	5802.03
819.095	5798.8
819.7	5798.8
820.305	5803.46
820.909	5798.8
821.514	5798.8
822.119	5798.8
822.724	5797.14
823.328	5761.1
823.933	5759.73
824.538	5759.73
825.14	5748.29
825.745	5748.29
826.349	5734.31
826.954	5717.64
827.558	5705.7
828.162	5705.7
828.765	5689.12
829.369	5689.12
829.973	5689.12
830.578	5636.92
831.18	5617.9
831.784	5616.18
832.388	5608.85
832.992	5538.9
833.594	5538.9
834.198	5538.9
834.802	5522.55
835.406	5540.47
836.007	5540.47
836.611	5540.47
837.215	5522.55
837.817	5536.09
838.42	5536.09
839.024	5540.47
839.626	5553.48
840.229	5553.48
840.831	5540.47
841.434	5553.48
842.038	5553.48
842.639	5553.48
843.242	5536.09
843.844	5536.09
844.447	5553.48
845.048	5566.54
845.651	5553.48
846.253	5533.65
846.856	5533.65
847.457	5533.65
848.06	5533.65
848.661	5542.56
849.264	5542.56
849.865	5554.34
850.468	5563.18
851.068	5563.18
851.671	5563.18
852.272	5584.1
852.873	5593.23
853.475	5617.71
854.076	5631.01
854.679	5617.71
855.279	5617.71
855.88	5617.71
856.482	5617.71
857.083	5623.24
857.683	5623.24
858.285	5623.24
858.886	5623.24
859.486	5615.43
860.088	5615.43
860.688	5615.43
861.288	5622.75
861.888	5623.24
862.491	5623.24
863.091	5652.09
863.691	5663.47
864.291	5663.47
864.893	5673.28
865.492	5680.55
866.092	5699.07
866.692	5706.02
867.292	5721.29
867.894	5721.29
868.493	5751.22
869.093	5779.59
869.692	5779.59
870.292	5751.22
870.891	5779.59
871.491	5806.3
872.092	5806.3
872.692	5806.3
873.291	5826.01
873.891	5806.3
874.49	5806.3
875.089	5793.05
875.688	5793.05
876.287	5806.3
876.887	5826.01
877.486	5826.01
878.085	5836.07
878.684	5861.22
879.283	5861.22
879.882	5861.22
880.48	5875.26
881.079	5884.09
881.678	5894.54
882.277	5906.43
882.876	5906.43
883.474	5900.84
884.073	5900.84
884.669	5918.21
885.268	5918.29
885.867	5923.68
886.465	5928.25
887.064	5954.95
887.662	5961.79
888.26	5979.88
888.857	5990.48
889.455	6000.71
890.053	6009.89
890.651	6009.89
891.25	6000.71
891.846	6009.89
892.444	6018.81
893.042	6018.81
893.64	6030.26
894.236	6030.26
894.834	6066.88
895.432	6072.69
896.03	6090.98
896.625	6092.57
897.223	6094
897.821	6106.09
898.417	6103.41
899.014	6106.09
899.612	6106.09
900.207	6144.17
900.805	6145.38
901.402	6146.95
901.998	6145.38
902.595	6145.38
903.191	6145.38
903.788	6146.95
904.385	6146.95
904.981	6146.95
905.578	6151.98
906.173	6151.98
906.77	6139.27
907.365	6128.84
907.962	6094.32
908.557	6081.06
909.154	6081.06
909.749	6081.06
910.346	6081.06
910.941	6081.06
911.538	6151.98
912.133	6229.51
912.729	6229.51
913.324	6237.45
913.919	6253.6
914.516	6282.59
915.11	6284.31
915.707	6306.26
916.301	6308.77
916.896	6308.77
917.492	6306.26
918.086	6306.26
918.681	6306.26
919.277	6306.26
919.871	6308.77
920.466	6331.43
921.062	6331.43
921.656	6331.43
922.25	6344.25
922.844	6344.25
923.44	6344.25
924.034	6350.61
924.628	6352.56
925.222	6361.18
925.818	6361.18
926.412	6361.18
927.006	6361.18
927.6	6374.47
928.193	6391.31
928.789	6404.65
929.383	6404.65
929.976	6412.5
930.57	6412.5
931.163	6414.65
931.757	6421.94
932.35	6457.72
932.946	6457.72
933.539	6457.9
934.133	6483.89
934.726	6483.89
935.319	6483.89
935.912	6483.89
936.506	6483.89
937.099	6490.78
937.692	6490.78
938.285	6501.17
938.878	6501.17
939.471	6501.17
940.064	6490.78
940.657	6490.78
941.25	6496.21
941.843	6501.17
942.435	6509.81
943.028	6520.72
943.621	6520.72
944.214	6533.73
944.806	6533.73
945.397	6533.73
945.989	6533.73
946.582	6533.73
947.174	6533.73
947.767	6533.73
948.359	6547.61
948.952	6563.3
949.542	6576.64
950.134	6545.73
950.726	6530.52
951.319	6530.52
951.911	6545.73
952.501	6548.04
953.093	6553.42
953.685	6559.02
954.277	6559.02
954.867	6553.42
955.459	6553.42
956.051	6553.42
956.643	6559.02
957.233	6600.63
957.825	6616.59
958.416	6616.59
959.006	6616.59
959.598	6616.59
960.189	6618.24
960.779	6620.56
961.37	6623.82
961.96	6628.26
962.552	6623.82
963.143	6628.26
963.732	6660.35
964.324	6662.53
964.913	6662.53
965.504	6683.75
966.094	6694.92
966.685	6694.92
967.276	6724.46
967.865	6705.26
968.456	6694.92
969.045	6705.26
969.636	6724.46
970.225	6732.08
970.816	6739.45
971.405	6740.79
971.994	6740.79
972.585	6740.79
973.174	6758.85
973.764	6762.14
974.353	6777.87
974.942	6800.62
975.532	6802.46
976.121	6802.46
976.712	6807.02
977.3	6807.02
977.889	6802.46
978.479	6807.02
979.067	6818.5
979.656	6818.5
980.246	6818.5
980.834	6834.6
981.423	6834.6
982.011	6834.6
982.601	6856.17
983.189	6856.17
983.777	6862.6
984.367	6863.09
984.955	6873.19
985.543	6887.78
986.131	6888.04
986.719	6887.78
987.309	6887.78
987.897	6887.78
988.485	6887.78
989.073	6887.78
989.66	6888.04
990.248	6888.04
990.836	6910.29
991.425	6912.93
992.013	6912.93
992.6	6887.12
993.188	6940.28
993.775	6943.22
994.363	6943.22
994.95	6961.07
995.537	6961.07
996.125	6961.07
996.712	6943.22
997.299	6940.28
997.886	6898.12
998.473	6898.12
999.06	6961.07
999.648	6963.37
1000.23	6963.37
1000.82	6898.12
1001.41	6891.32
1002	6886.77
1002.58	6886.77
1003.17	6891.32
1003.76	6893.48
1004.34	6909.63
1004.93	6923.94
1005.51	6923.94
1006.1	6909.63
1006.69	6893.48
1007.27	6909.63
1007.86	6923.94
1008.45	6927
1009.03	6927
1009.62	6972.82
1010.2	6977.1
1010.79	6977.1
1011.38	7011.28
1011.96	7011.28
1012.55	7016.14
1013.13	7020.2
1013.72	7016.14
1014.3	7020.2
1014.89	7016.14
1015.48	7016.14
1016.06	7016.14
1016.65	7020.2
1017.23	7023.96
1017.82	7024.49
1018.4	7024.49
1018.99	7023.96
1019.57	7012.84
1020.16	7012.84
1020.74	6984.16
1021.33	7011.79
1021.91	7012.84
1022.5	7012.84
1023.08	7012.84
1023.67	7012.84
1024.25	7012.84
1024.84	7021
1025.42	7024.47
1026	7025.46
1026.59	7079.11
1027.17	7096.1
1027.76	7096.1
1028.34	7094.59
1028.92	7094.59
1029.51	7096.1
1030.09	7106.07
1030.68	7096.1
1031.26	7096.1
1031.84	7096.1
1032.43	7096.1
1033.01	7126.15
1033.6	7094.99
1034.18	7126.15
1034.76	7126.15
1035.35	7126.15
1035.93	7138.26
1036.51	7138.26
1037.1	7138.26
1037.68	7138.26
1038.26	7138.26
1038.85	7127.69
1039.43	7122.34
1040.01	7127.69
1040.6	7127.69
1041.18	7138.26
1041.76	7167.83
1042.34	7167.83
1042.93	7127.69
1043.51	7161.72
1044.09	7161.72
1044.67	7161.72
1045.26	7167.83
1045.84	7183.7
1046.42	7191.31
1047	7191.31
1047.59	7191.31
1048.17	7191.31
1048.75	7196.36
1049.33	7201.39
1049.92	7223.1
1050.5	7229.01
1051.08	7232.68
1051.66	7229.01
1052.24	7223.1
1052.82	7201.39
1053.41	7201.39
1053.99	7229.01
1054.57	7232.68
1055.15	7239.47
1055.73	7239.47
1056.31	7274.79
1056.89	7239.47
1057.48	7194.06
1058.06	7239.47
1058.64	7301.72
1059.22	7301.72
1059.8	7317.62
1060.38	7325.67
1060.96	7325.67
1061.54	7301.72
1062.13	7275.16
1062.71	7275.16
1063.29	7280.64
1063.76	7284.66
1064.35	7284.66
1064.93	7284.66
1065.52	7288.06
1066.11	7288.06
1066.7	7288.06
1067.28	7288.06
1067.87	7291.92
1068.46	7294.31
1069.05	7300.57
1069.63	7308.13
1070.22	7308.13
1070.81	7311.56
1071.39	7331.03
1071.98	7341.03
1072.57	7358.03
1073.15	7363.03
1073.74	7363.03
1074.32	7383.03
1074.91	7363.03
1075.5	7383.03
1076.08	7363.03
1076.67	7363.03
1077.26	7390.03
1077.84	7390.03
1078.43	7363.03
1079.01	7363.03
1079.6	7397.03
1080.18	7397.03
1080.77	7397.03
1081.36	7397.03
1081.94	7397.03
1082.53	7397.03
1083.11	7400.03
1083.7	7400.03
1084.28	7417.03
1084.87	7422.03
1085.45	7422.03
1086.04	7437.03
1086.62	7437.03
1087.21	7439.03
1087.79	7513.03
1088.38	7520.03
1088.97	7525.03
1089.55	7520.03
1090.13	7477.03
1090.72	7525.03
1091.3	7525.03
1091.89	7563.03
1092.47	7563.03
1093.06	7563.03
1093.64	7590.03
1094.23	7568.03
1094.81	7568.03
1095.4	7572.03
1095.98	7590.03
1096.56	7627.03
1097.15	7641.03
1097.73	7641.03
1098.32	7650.03
1098.9	7650.03
1099.48	7650.03
1100.07	7650.03
1100.65	7665.03
1101.24	7679.03
1101.82	7685.03
1102.4	7710.03
1102.99	7781.03
1103.57	7782.03
1104.15	7788.03
1104.74	7782.03
1105.32	7782.03
1105.9	7782.03
1106.49	7781.03
1107.07	7782.03
1107.65	7782.03
1108.24	7782.03
1108.82	7790.03
1109.4	7798.03
1109.99	7821.03
1110.57	7839.03
1111.15	7839.03
1111.73	7843.03
1112.32	7858.03
1112.9	7865.03
1113.48	7858.03
1114.06	7865.03
1114.65	7865.03
1115.23	7868.03
1115.81	7868.03
1116.39	7905.03
1116.97	7938.03
1117.56	7940.03
1118.14	7940.03
1118.72	7940.03
1119.3	7940.03
1119.89	7957.03
1120.47	7952.03
1121.05	7957.03
1121.63	7957.03
1122.21	7957.03
1122.8	7957.03
1123.38	7966.03
1123.96	7966.03
1124.54	7982.03
1125.12	7982.03
1125.7	8017.03
1126.28	8017.03
1126.87	8017.03
1127.45	7999.03
1128.03	7999.03
1128.61	8017.03
1129.19	8029.03
1129.77	8067.03
1130.35	8029.03
1130.93	8067.03
1131.51	8067.03
1132.09	8067.03
1132.67	8056.03
1133.25	8067.03
1133.83	8067.03
1134.42	8067.03
1135	8067.03
1135.58	8067.03
1136.16	8056.03
1136.74	8056.03
1137.32	8056.03
1137.9	8056.03
1138.48	8061.03
1139.06	8072.03
1139.64	8072.03
1140.22	8110.03
1140.8	8110.03
1141.38	8110.03
1141.96	8061.03
1142.54	8110.03
1143.12	8125.03
1143.7	8110.03
1144.28	8144.03
1144.86	8153.03
1145.43	8153.03
1146.01	8144.03
1146.59	8100.03
1147.17	8099.03
1147.75	8099.03
1148.33	8100.03
1148.91	8100.03
1149.49	8099.03
1150.07	8085.03
1150.65	8085.03
1151.23	8082.03
1151.8	8085.03
1152.38	8085.03
1152.96	8099.03
1153.54	8107.03
1154.12	8107.03
1154.7	8107.03
1155.28	8085.03
1155.85	8075.03
1156.43	8075.03
1157.01	8051.03
1157.59	8075.03
1158.17	8075.03
1158.75	8075.03
1159.32	8075.03
1159.9	8051.03
1160.48	8051.03
1161.06	8038.03
1161.64	8038.03
1162.21	8051.03
1162.79	8089.03
1163.37	8089.03
1163.95	8057.03
1164.53	8050.03
1165.1	8050.03
1165.68	8038.03
1166.26	8050.03
1166.83	8057.03
1167.41	8089.03
1167.99	8057.03
1168.57	8055.03
1169.14	8055.03
1169.72	8057.03
1170.3	8055.03
1170.87	8055.03
1171.45	8067.03
1172.03	8071.03
1172.6	8071.03
1173.18	8067.03
1173.76	8055.03
1174.33	8048.03
1174.91	8067.03
1175.49	8048.03
1176.06	8048.03
1176.64	8067.03
1177.22	8071.15
1177.79	8071.15
1178.37	8052.89
1178.95	8014.76
1179.52	7994.31
1180.1	7924.88
1180.67	7924.88
1181.25	7912.53
1181.83	7898.19
1182.4	7863.76
1182.98	7853.85
1183.55	7845.17
1184.13	7845.17
1184.7	7845.17
1185.28	7845.17
1185.85	7845.17
1186.43	7858.31
1187.01	7858.31
1187.58	7921.98
1188.16	7933.88
1188.73	7933.88
1189.31	7967.7
1189.88	7972.71
1190.46	7972.71
1191.03	7972.71
1191.61	7972.71
1192.18	7989.64
1192.76	7989.64
1193.33	7972.71
1193.91	7967.7
1194.48	7913.69
1195.06	7913.69
1195.63	7913.69
1196.21	7913.69
1196.78	7928.89
1197.35	7913.69
1197.93	7880.54
1198.5	7874.69
1199.08	7880.54
1199.65	7880.54
1200.22	7880.54
1200.8	7881.73
1201.37	7881.73
1201.95	7880.54
1202.52	7874.27
1203.09	7860.19
1203.67	7860.19
1204.24	7860.19
1204.82	7871.59
1205.39	7871.59
1205.96	7860.19
1206.54	7870.82
1207.11	7860.19
1207.68	7855.27
1208.26	7838.55
1208.83	7819
1209.4	7797.81
1209.98	7795.31
1210.55	7797.81
1211.12	7748.13
1211.69	7748.13
1212.27	7748
1212.84	7748
1213.41	7748
1213.99	7767.47
1214.56	7790.69
1215.13	7790.69
1215.7	7790.69
1216.28	7796.12
1216.85	7790.69
1217.42	7796.12
1217.99	7790.69
1218.57	7790.69
1219.14	7796.12
1219.71	7790.69
1220.28	7788.86
1220.86	7760.84
1221.43	7729.77
1222	7729.77
1222.57	7707.09
1223.14	7703.91
1223.71	7703.91
1224.29	7703.91
1224.86	7697.39
1225.43	7697.39
1226	7681.66
1226.57	7678.51
1227.14	7678.51
1227.72	7672.23
1228.29	7678.51
1228.86	7699.63
1229.43	7699.63
1230	7699.63
1230.57	7672.23
1231.14	7672.23
1231.71	7670.34
1232.29	7672.23
1232.86	7673.85
1233.43	7673.85
1234	7691.12
1234.57	7676.12
1235.14	7676.12
1235.71	7682.11
1236.28	7682.11
1236.85	7682.11
1237.42	7682.11
1237.99	7682.11
1238.56	7691.12
1239.13	7682.11
1239.7	7682.11
1240.27	7676.12
1240.84	7649.33
1241.41	7649.33
1241.98	7647.67
1242.55	7644.27
1243.12	7647.67
1243.69	7647.67
1244.26	7680.52
1244.83	7680.52
1245.4	7691.72
1245.97	7680.52
1246.54	7691.72
1247.11	7691.72
1247.68	7691.72
1248.25	7691.72
1248.82	7691.72
1249.39	7680.52
1249.96	7637.83
1250.53	7635.17
1251.1	7619.92
1251.67	7604.81
1252.23	7604.81
1252.8	7604.81
1253.37	7604.81
1253.94	7599.74
1254.51	7590.32
1255.08	7587.77
1255.65	7590.32
1256.21	7599.74
1256.78	7646.34
1257.35	7662.57
1257.92	7662.57
1258.49	7650.33
1259.06	7674.69
1259.63	7674.69
1260.19	7674.69
1260.76	7674.69
1261.33	7679.47
1261.9	7704.76
1262.47	7679.47
1263.03	7661.18
1263.6	7650.33
1264.17	7639.41
1264.74	7609.32
1265.3	7609.32
1265.87	7609.32
1266.44	7609.32
1267.01	7679.47
1267.58	7704.76
1268.14	7657.83
1268.71	7742.18
1269.28	7742.18
1269.85	7780.79
1270.41	7808.67
1270.98	7815.22
1271.55	7815.22
1272.12	7815.22
1272.68	7815.22
1273.25	7808.67
1273.81	7799.25
1274.38	7799.25
1274.95	7799.25
1275.52	7807.78
1276.08	7807.78
1276.65	7807.37
1277.22	7799.25
1277.78	7807.37
1278.35	7807.37
1278.91	7807.78
1279.48	7807.78
1280.05	7813.24
1280.61	7824.55
1281.18	7835.22
1281.75	7839.37
1282.31	7839.37
1282.88	7849.99
1283.44	7849.99
1284.01	7849.99
1284.58	7849.99
1285.14	7849.99
1285.71	7878.73
1286.27	7878.73
1286.84	7878.73
1287.41	7878.73
1287.97	7876.6
1288.53	7859.95
1289.1	7876.6
1289.67	7876.6
1290.23	7880.56
1290.8	7880.56
1291.36	7902.39
1291.93	7902.39
1292.49	7876.6
1293.06	7876.6
1293.62	7876.6
1294.19	7869.99
1294.75	7902.39
1295.32	7902.39
1295.88	7928.18
1296.45	7902.39
1297.01	7886.98
1297.57	7886.98
1298.14	7908.86
1298.7	7928.18
1299.27	7908.86
1299.83	7908.86
1300.4	7916.09
1300.96	7908.86
1301.53	7908.86
1302.09	7893.87
1302.65	7908.86
1303.22	7908.86
1303.78	7916.09
1304.35	7916.09
1304.91	7916.09
1305.47	7935.08
1306.04	7975.05
1306.6	7976.2
1307.17	7976.2
1307.73	7985.15
1308.29	8011.53
1308.86	8024.54
1309.42	8024.54
1309.98	8024.54
1310.55	8022.6
1311.11	8011.53
1311.67	8011.53
1312.23	8022.6
1312.8	8022.6
1313.36	8074.06
1313.92	8074.06
1314.49	8074.06
1315.05	8073.04
1315.61	8073.04
1316.17	8073.04
1316.74	8082.65
1317.3	8086.55
1317.86	8093.05
1318.43	8095.61
1318.99	8098.84
1319.55	8093.05
1320.11	8086.55
1320.68	8073.04
1321.24	8066.29
1321.8	8066.29
1322.36	8061.8
1322.92	8061.8
1323.49	8061.8
1324.05	8061.8
1324.61	8061.8
1325.17	8061.8
1325.73	8061.8
1326.3	8081.39
1326.86	8093.46
1327.42	8103.06
1327.98	8104.31
1328.54	8130.62
1329.1	8134.78
1329.67	8163.06
1330.23	8163.06
1330.79	8181.46
1331.35	8200.49
1331.91	8203.19
1332.47	8203.19
1333.03	8203.19
1333.59	8191.27
1334.15	8181.46
1334.71	8191.27
1335.28	8181.46
1335.84	8181.46
1336.4	8191.27
1336.96	8202.34
1337.52	8198.99
1338.08	8198.99
1338.64	8202.34
1339.2	8206.97
1339.76	8234.3
1340.32	8248.29
1340.88	8250.74
1341.44	8302.11
1342	8302.11
1342.56	8302.11
1343.12	8270.31
1343.68	8302.11
1344.24	8302.11
1344.8	8270.31
1345.36	8331.82
1345.92	8342
1346.48	8342
1347.04	8342
1347.6	8342
1348.16	8342
1348.72	8342
1349.28	8342
1349.84	8342
1350.4	8364.12
1350.96	8372.31
1351.52	8364.12
1352.08	8364.12
1352.64	8342.98
1353.19	8326.53
1353.76	8304.17
1354.31	8304.17
1354.87	8326.53
1355.43	8326.53
1355.99	8284.98
1356.55	8284.98
1357.11	8284.98
1357.67	8284.98
1358.23	8278.89
1358.78	8278.89
1359.34	8284.98
1359.9	8312.38
1360.46	8337.11
1361.02	8337.11
1361.58	8342.57
1362.13	8366.47
1362.69	8397.75
1363.25	8402.5
1363.81	8402.5
1364.37	8450.51
1364.92	8487.4
1365.48	8493.39
1366.04	8503.15
1366.6	8511.19
1367.15	8511.19
1367.71	8511.19
1368.27	8518.67
1368.83	8544.44
1369.39	8547.56
1369.94	8548.63
1370.5	8548.63
1371.06	8582.63
1371.61	8582.63
1372.17	8582.63
1372.73	8548.63
1373.29	8534.68
1373.85	8534.68
1374.4	8529.31
1374.96	8529.31
1375.52	8529.31
1376.07	8523.5
1376.63	8529.31
1377.19	8529.31
1377.74	8534.68
1378.3	8534.68
1378.86	8587.68
1379.41	8605.78
1379.97	8605.78
1380.52	8605.78
1381.08	8587.68
1381.64	8585.51
1382.19	8587.68
1382.75	8585.51
1383.31	8585.51
1383.86	8585.51
1384.42	8622.8
1384.97	8622.8
1385.53	8585.51
1386.09	8576.16
1386.64	8643.65
1387.2	8643.65
1387.75	8665.71
1388.31	8665.71
1388.86	8679.76
1389.42	8682.04
1389.98	8679.76
1390.53	8659.16
1391.09	8659.16
1391.64	8659.16
1392.2	8659.16
1392.75	8659.16
1393.31	8717.71
1393.86	8730.83
1394.42	8730.83
1394.97	8730.83
1395.53	8717.88
1396.08	8717.88
1396.64	8717.88
1397.19	8717.88
1397.75	8721.43
1398.3	8721.43
1398.86	8721.43
1399.41	8721.43
1399.97	8721.43
1400.52	8721.43
1401.08	8691.64
1401.63	8721.43
1402.18	8741.97
1402.6	8746.64
1403.16	8746.64
1403.72	8746.64
1404.28	8746.64
1404.85	8747.64
1405.41	8747.64
1405.97	8829.64
1406.53	8829.64
1407.09	8829.64
1407.65	8830.64
1408.21	8830.64
1408.77	8830.64
1409.33	8830.64
1409.89	8829.64
1410.45	8829.64
1411.01	8816.64
1411.57	8808.64
1412.13	8783.64
1412.69	8783.64
1413.25	8783.64
1413.81	8783.64
1414.37	8783.64
1414.93	8783.64
1415.49	8783.64
1416.05	8832.3
1416.61	8832.3
1417.17	8833.64
1417.73	8841.18
1418.29	8841.18
1418.85	8847.91
1419.41	8850.38
1419.97	8853.67
1420.53	8859.64
1421.09	8925.64
1421.64	8974.64
1422.2	8974.64
1422.76	8974.64
1423.32	8951.64
1423.88	8938.64
1424.44	8938.64
1425	8938.64
1425.56	8938.64
1426.12	8951.64
1426.68	8951.64
1427.23	8951.64
1427.79	8938.64
1428.35	8951.64
1428.91	8929.64
1429.47	9019.64
1430.03	9019.64
1430.59	9019.64
1431.14	9019.64
1431.7	9019.64
1432.26	9007.64
1432.82	8976.64
1433.38	8966.64
1433.93	8976.64
1434.49	8976.64
1435.05	9007.64
1435.61	9007.64
1436.17	9007.64
1436.72	9017.64
1437.28	9017.64
1437.84	9017.64
1438.4	9036.64
1438.96	9036.64
1439.51	9062.64
1440.07	9062.64
1440.63	9062.64
1441.18	9062.64
1441.74	9062.64
1442.3	9062.64
1442.86	9062.64
1443.41	9063.64
1443.97	9091.64
1444.53	9109.64
1445.08	9118.64
1445.64	9109.64
1446.2	9091.64
1446.75	9109.64
1447.31	9118.64
1447.87	9122.64
1448.42	9127.64
1448.98	9146.64
1449.54	9147.64
1450.09	9169.64
1450.65	9206.64
1451.21	9206.64
1451.76	9206.64
1452.32	9213.64
1452.88	9213.64
1453.43	9284.64
1453.99	9213.64
1454.54	9284.64
1455.1	9213.64
1455.66	9228.64
1456.21	9226.64
1456.77	9226.64
1457.32	9228.64
1457.88	9226.64
1458.43	9228.64
1458.99	9228.64
1459.55	9228.64
1460.1	9263.64
1460.66	9233.64
1461.21	9234.64
1461.77	9234.64
1462.32	9263.64
1462.88	9270.64
1463.43	9326.64
1463.99	9337.64
1464.54	9337.64
1465.1	9326.64
1465.65	9326.64
1466.21	9326.64
1466.76	9337.64
1467.32	9377.64
1467.87	9377.64
1468.43	9377.64
1468.98	9403.64
1469.54	9403.64
1470.09	9403.64
1470.65	9264.64
1471.2	9264.64
1471.75	9323.64
1472.31	9323.64
1472.86	9323.64
1473.42	9323.64
1473.97	9419.64
1474.53	9378.64
1475.08	9350.64
1475.63	9350.64
1476.19	9350.64
1476.74	9378.64
1477.3	9378.64
1477.85	9433.64
1478.4	9400.64
1478.96	9400.64
1479.51	9384.64
1480.06	9378.64
1480.62	9367.64
1481.17	9384.64
1481.72	9384.64
1482.28	9400.64
1482.83	9400.64
1483.38	9445.64
1483.94	9445.64
1484.49	9445.64
1485.04	9445.64
1485.6	9490.64
1486.15	9496.64
1486.7	9508.64
1487.26	9534.64
1487.81	9568.64
1488.36	9568.64
1488.91	9534.64
1489.47	9534.64
1490.02	9534.64
1490.57	9534.64
1491.12	9524.64
1491.68	9524.64
1492.23	9524.64
1492.78	9513.64
1493.33	9513.64
1493.89	9485.64
1494.44	9513.64
1494.99	9490.64
1495.54	9513.64
1496.1	9513.64
1496.65	9532.64
1497.2	9578.64
1497.75	9578.64
1498.3	9604.64
1498.85	9635.64
1499.41	9660.64
1499.96	9663.64
2700.02	19615.1
2700.48	19688.1
2700.95	19814.1
2701.42	19956.1
2701.88	20006.1
2702.35	20006.1
2702.82	20006.1
2703.28	20006.1
2703.75	20038.1
2704.22	20038.1
2704.69	20038.1
2705.15	20006.1
2705.62	19983.1
2706.08	19983.1
2706.55	19983.1
2707.02	19968.1
2707.48	19983.1
2707.95	19983.1
2708.42	19983.1
2708.88	19959.1
2709.35	19983.1
2709.82	19983.1
2710.28	20013.1
2710.75	20019.1
2711.21	20019.1
2711.68	20019.1
2712.15	20019.1
2712.61	19989.1
2713.08	19989.1
2713.54	19989.1
2714.01	19989.1
2714.48	19913.1
2714.94	19854.1
2715.41	19810.1
2715.87	19788.1
2716.34	19722.1
2716.8	19675.1
2717.27	19675.1
2717.73	19665.1
2718.2	19665.1
2718.67	19722.1
2719.13	19722.1
2719.6	19788.1
2720.06	19925.1
2720.53	19969.1
2720.99	19999.1
2721.46	19999.1
2721.92	20140.1
2722.39	20140.1
2722.85	20140.1
2723.32	20140.1
2723.78	20140.1
2724.25	20127.1
2724.71	20127.1
2725.18	20127.1
2725.64	20127.1
2726.11	20096.1
2726.57	20096.1
2727.04	20086.1
2727.5	20086.1
2727.96	20086.1
2728.43	20096.1
2728.89	20096.1
2729.36	20207.1
2729.82	20102.1
2730.29	20102.1
2730.75	20102.1
2731.21	20102.1
2731.68	20102.1
2732.14	20135.1
2732.61	20135.1
2733.07	20140.1
2733.54	20140.1
2734	20140.1
2734.46	20140.1
2734.93	20232.1
2735.39	20140.1
2735.86	20135.1
2736.32	20135.1
2736.78	20135.1
2737.25	20102.1
2737.71	20112.1
2738.17	20102.1
2738.64	20086.1
2739.1	20086.1
2739.56	20086.1
2740.03	20061.1
2740.49	20054.1
2740.95	20054.1
2741.42	20054.1
2741.88	20061.1
2742.34	20112.1
2742.81	20061.1
2743.27	20153.9
2743.73	20153.9
2744.2	20054.1
2744.66	20054.1
2745.12	20153.9
2745.59	20190.1
2746.05	20196.1
2746.51	20196.4
2746.97	20208.1
2747.44	20208.1
2747.9	20216.9
2748.36	20219.9
2748.83	20222.7
2749.29	20225
2749.75	20226.4
2750.21	20227.8
2750.68	20231.9
2751.14	20231.9
2751.6	20231.9
2752.06	20233
2752.52	20238.2
2752.99	20246.1
2753.45	20250.1
2753.91	20353.1
2754.37	20353.1
2754.84	20388.1
2755.3	20388.1
2755.76	20388.1
2756.22	20462.1
2756.68	20462.1
2757.14	20462.1
2757.61	20462.1
2758.07	20491.1
2758.53	20498.1
2758.99	20491.1
2759.45	20491.1
2759.92	20431.1
2760.38	20431.1
2760.84	20431.1
2761.3	20356.1
2761.76	20356.1
2762.22	20356.1
2762.68	20356.1
2763.15	20356.1
2763.61	20356.1
2764.07	20445.1
2764.53	20445.1
2764.99	20445.1
2765.45	20445.1
2765.91	20546.1
2766.37	20556.1
2766.83	20556.1
2767.3	20556.1
2767.76	20556.1
2768.22	20556.1
2768.68	20460.1
2769.14	20460.1
2769.6	20460.1
2770.06	20460.1
2770.52	20477.1
2770.98	20477.1
2771.44	20477.1
2771.9	20477.1
2772.36	20477.1
2772.82	20477.1
2773.28	20572.1
2773.74	20572.1
2774.2	20572.1
2774.67	20572.1
2775.12	20572.1
2775.59	20572.1
2776.05	20572.1
2776.51	20554.1
2776.97	20494.1
2777.43	20477.1
2777.89	20477.1
2778.35	20477.1
2778.81	20494.1
2779.27	20525.1
2779.72	20532.4
2780.19	20532.4
2780.65	20525.1
2781.1	20525.1
2781.56	20532.4
2782.02	20537
2782.48	20537.7
2782.94	20537.7
2783.4	20537.7
2783.86	20539.7
2784.32	20537.7
2784.78	20640.1
2785.24	20660.1
2785.7	20665.1
2786.16	20665.1
2786.62	20669.1
2787.08	20640.1
2787.53	20561.1
2787.99	20561.1
2788.45	20561.1
2788.91	20510.1
2789.37	20561.1
2789.83	20561.1
2790.29	20561.1
2790.75	20561.1
2791.21	20725.1
2791.67	20741.1
2792.12	20741.1
2792.58	20741.1
2793.04	20741.1
2793.5	20741.1
2793.96	20741.1
2794.42	20564.1
2794.87	20564.1
2795.33	20548.1
2795.79	20548.1
2796.25	20548.1
2796.71	20548.1
2797.17	20564.1
2797.63	20564.1
2798.08	20574.1
2798.54	20617.1
2799	20662.1
2799.46	20692.1
2799.91	20692.1
2800.37	20703.1
2800.83	20782.1
2801.29	20782.1
2801.75	20718.1
2802.2	20718.1
2802.66	20718.1
2803.12	20727.1
2803.58	20734.1
2804.03	20734.1
2804.49	20727.1
2804.95	20727.1
2805.41	20727.1
2805.86	20724.1
2806.32	20724.1
2806.78	20724.1
2807.24	20724.1
2807.69	20727.1
2808.15	20734.1
2808.61	20810.1
2809.07	20810.1
2809.52	20850.1
2809.98	20850.1
2810.44	20850.1
2810.89	20850.1
2811.35	20850.1
2811.81	20850.1
2812.26	20850.1
2812.72	20922.1
2813.18	20941.1
2813.63	20941.1
2814.09	20941.1
2814.55	20941.1
2815	20972.1
2815.46	20881.1
2815.92	20881.1
2816.37	20881.1
2816.83	20931.1
2817.29	20931.1
2817.74	20881.1
2818.2	20836.1
2818.66	20836.1
2819.11	20836.1
2819.57	20810.1
2820.02	20810.1
2820.48	20810.1
2820.93	20754.1
2821.39	20754.1
2821.85	20746.1
2822.3	20683.1
2822.76	20683.1
2823.21	20742.1
2823.67	20742.1
2824.12	20664.1
2824.58	20664.1
2825.04	20598.1
2825.49	20598.1
2825.95	20598.1
2826.4	20664.1
2826.86	20694.1
2827.31	20702.1
2827.77	20702.1
2828.22	20702.1
2828.68	20702.1
2829.14	20994.1
2829.59	21030.1
2830.05	21030.1
2830.5	21030.1
2830.96	21030.1
2831.41	21030.1
2831.87	21043.1
2832.32	21069.1
2832.78	21043.1
2833.23	21043.1
2833.69	21043.1
2834.14	21043.1
2834.6	21016.1
2835.05	21016.1
2835.51	21016.1
2835.96	21016.1
2836.42	21069.1
2836.87	21073.1
2837.32	21073.1
2837.78	21088.1
2838.23	21088.1
2838.69	21088.1
2839.14	21073.1
2839.6	21073.1
2840.05	21073.1
2840.5	21073.1
2840.96	21073.1
2841.41	20991.1
2841.87	20991.1
2842.32	20991.1
2842.77	20991.1
2843.23	20991.1
2843.68	20991.1
2844.14	21064.1
2844.59	21064.1
2845.04	21064.1
2845.5	21064.1
2845.95	21064.1
2846.4	21110.1
2846.86	21148.1
2847.31	21148.1
2847.77	21148.1
2848.22	21144.1
2848.67	21126.1
2849.13	21126.1
2849.58	21126.1
2850.03	21127.1
2850.49	21144.1
2850.94	21228.1
2851.39	21228.1
2851.84	21228.1
2852.3	21228.1
2852.75	21228.1
2853.2	21228.1
2853.66	21228.1
2854.11	21228.1
2854.56	21228.1
2855.02	21228.1
2855.47	21228.1
2855.92	21153.1
2856.38	21153.1
2856.83	21153.1
2857.28	21153.1
2857.73	21153.1
2858.19	21134.1
2858.64	21134.1
2859.09	21109.1
2859.54	21196.1
2859.99	21284.1
2860.45	21294.1
2860.9	21317.1
2861.35	21317.1
2861.8	21294.1
2862.26	21294.1
2862.71	21294.1
2863.16	21294.1
2863.61	21294.1
2864.07	21310.1
2864.52	21310.1
2864.97	21310.1
2865.42	21310.1
2865.87	21310.1
2866.32	21310.1
2866.78	21310.1
2867.23	21308.1
2867.68	21295.9
2868.13	21302.5
2868.58	21302.5
2869.03	21295.9
2869.49	21295.9
2869.94	21295.9
2870.39	21295.9
2870.84	21267
2871.29	21267
2871.74	21267
2872.2	21295.9
2872.65	21296.1
2873.1	21267
2873.55	21296.1
2874	21317.2
2874.45	21332.1
2874.9	21339.1
2875.35	21363.1
2875.8	21372.1
2876.25	21436.1
2876.7	21444.1
2877.16	21444.1
2877.61	21444.1
2878.06	21444.1
2878.51	21444.1
2878.96	21447.1
2879.41	21444.1
2879.86	21447.1
2880.31	21447.1
2880.76	21447.1
2881.21	21447.1
2881.66	21462.1
2882.11	21462.1
2882.56	21462.1
2883.01	21462.1
2883.46	21462.1
2883.91	21462.1
2884.36	21463.1
2884.81	21463.1
2885.26	21463.1
2885.71	21463.1
2886.16	21463.1
2886.61	21458.1
2887.06	21458.1
2887.51	21458.1
2887.96	21458.1
2888.41	21458.1
2888.86	21458.1
2889.31	21458.1
2889.76	21458.1
2890.21	21458.1
2890.66	21458.1
2891.11	21391.1
2891.56	21391.1
2892.01	21391.1
2892.46	21412.1
2892.91	21412.1
2893.36	21504.1
2893.81	21504.1
2894.26	21504.1
2894.71	21504.1
2895.16	21412.1
2895.6	21412.1
2896.05	21412.1
2896.5	21415.1
2896.95	21415.1
2897.4	21415.1
2897.85	21503.1
2898.3	21503.1
2898.75	21488.1
2899.2	21488.1
2899.64	21488.1
2900.09	21503.1
2900.54	21503.1
2900.99	21503.1
2901.44	21526.1
2901.89	21526.1
2902.34	21526.1
2902.78	21538.1
2903.23	21538.1
2903.68	21602.1
2904.13	21602.1
2904.58	21616.1
2905.03	21616.1
2905.48	21602.1
2905.92	21602.1
2906.37	21602.1
2906.82	21602.1
2907.27	21602.1
2907.71	21602.1
2908.16	21623.1
2908.61	21623.1
2909.06	21623.1
2909.51	21623.1
2909.95	21623.1
2910.4	21623.1
2910.85	21623.1
2911.3	21660.1
2911.74	21662.1
2912.19	21662.1
2912.64	21666.1
2913.09	21709.1
2913.54	21709.1
2913.98	21709.1
2914.43	21732.1
2914.88	21732.1
2915.33	21732.1
2915.77	21732.1
2916.22	21732.1
2916.67	21594.1
2917.11	21620.1
2917.56	21620.1
2918.01	21620.1
2918.45	21620.1
2918.9	21620.1
2919.35	21594.1
2919.8	21594.1
2920.24	21594.1
2920.69	21594.1
2921.14	21620.1
2921.58	21791.1
2922.03	21791.1
2922.48	21791.1
2922.92	21791.1
2923.37	21791.1
2923.82	21804.1
2924.26	21804.1
2924.71	21804.1
2925.16	21804.1
2925.6	21804.1
2926.05	21753.1
2926.49	21753.1
2926.94	21842.1
2927.39	21842.1
2927.83	21836.1
2928.28	21836.1
2928.72	21836.1
2929.17	21836.1
2929.62	21836.1
2930.06	21836.1
2930.51	21836.1
2930.95	21836.1
2931.4	21836.1
2931.85	21836.1
2932.29	21836.1
2932.74	21883.1
2933.18	21705.1
2933.63	21705.1
2934.07	21705.1
2934.52	21719.1
2934.97	21772.1
2935.41	21794.1
2935.86	21866.1
2936.3	21866.1
2936.75	21866.1
2937.19	21866.1
2937.64	21804.1
2938.08	21853.1
2938.53	21853.1
2938.97	21853.1
2939.42	21853.1
2939.86	21853.1
2940.31	21804.1
2940.75	21804.1
2941.2	21804.1
2941.64	21804.1
2942.09	21804.1
2942.53	21853.1
2942.98	21752.1
2943.42	21752.1
2943.87	21860.1
2944.31	21860.1
2944.76	21860.1
2945.2	21927.1
2945.64	21927.1
2946.09	21927.1
2946.53	21927.1
2946.98	21927.1
2947.42	21944.1
2947.87	21973.1
2948.31	21973.1
2948.75	21973.1
2949.2	21973.1
2949.64	22008.1
2950.09	22008.1
2950.53	22008.1
2950.98	22008.1
2951.42	22005.1
2951.86	21999.1
2952.31	22005.1
2952.75	21999.1
2953.19	21999.1
2953.64	21999.1
2954.08	21999.1
2954.53	21993.1
2954.97	21999.1
2955.41	21999.1
2955.86	21999.1
2956.3	21999.1
2956.74	22031.1
2957.19	21993.4
2957.63	22000.6
2958.07	22000.6
2958.52	22000.6
2958.96	22000.6
2959.4	22000.6
2959.84	21993.4
2960.29	21993.4
2960.73	21993.4
2961.18	21972.1
2961.62	21970.6
2962.06	21970.6
2962.5	21970.6
2962.95	21972.1
2963.39	21970.6
2963.83	21990.1
2964.28	22003
2964.72	22003.3
2965.16	22041.1
2965.6	22085.1
2966.05	22172.1
2966.49	22172.1
2966.93	22085.1
2967.37	22085.1
2967.82	21990.1
2968.26	21990.1
2968.7	22047.1
2969.14	22011.1
2969.59	22011.1
2970.03	22011.1
2970.47	22011.1
2970.91	22011.1
2971.35	22011.1
2971.8	22011.1
2972.24	22011.1
2972.68	22047.1
2973.12	22047.1
2973.56	22097.1
2974.01	22163.1
2974.45	22163.1
2974.89	22163.1
2975.33	22097.1
2975.77	22076.1
2976.21	22076.1
2976.66	22076.1
2977.1	22076.1
2977.54	21940.1
2977.98	21965.1
2978.42	21965.1
2978.86	21965.1
2979.3	21965.1
2979.75	21965.1
2980.19	21965.1
2980.63	22212.1
2981.07	22212.1
2981.51	22212.1
2981.95	22212.1
2982.39	22212.1
2982.83	22212.1
2983.27	22190.1
2983.72	22190.1
2984.16	22190.1
2984.6	22190.1
2985.04	22190.1
2985.48	22171.1
2985.92	22171.1
2986.36	22171.1
2986.8	22171.1
2987.24	22171.1
2987.68	22093.4
2988.12	22093.4
2988.56	22093.4
2989	22093.4
2989.44	22093.4
2989.88	22093.4
2990.32	22105.8
2990.77	22105.8
2991.2	22105.8
2991.65	22105.8
2992.09	22280.4
2992.53	22280.4
2992.97	22265.1
2993.41	22265.1
2993.85	22249.2
2994.29	22249.2
2994.73	22242.1
2995.17	22242.1
2995.6	22242.1
2996.05	22242.1
2996.49	22242.1
2996.92	22200.2
2997.36	22171.9
2997.8	22171.9
2998.24	22171.9
2998.68	22171.9
2999.12	22171.9
2999.56	22171.9
3000	22230.4
3000.44	22230.4
3000.88	22278
3001.32	22278
3001.76	22293
3002.2	22295.4
3002.64	22373.3
3003.08	22373.3
3003.52	22351.1
3003.95	22373.3
3004.39	22373.3
3004.83	22351.1
3005.27	22351.1
3005.71	22351.1
3006.15	22351.1
3006.59	22276.7
3007.03	22276.7
3007.47	22276.7
3007.9	22276.7
3008.34	22276.7
3008.78	22258.6
3009.22	22258.6
3009.66	22258.6
3010.1	22258.6
3010.54	22276.7
3010.97	22258.6
3011.41	22307.8
3011.85	22307.8
3012.29	22307.8
3012.73	22266.4
3013.17	22248.3
3013.6	22248.3
3014.04	22248.3
3014.48	22248.3
3014.92	22248.3
3015.36	22063.4
3015.79	22063.4
3016.23	22063.4
3016.67	22063.4
3017.11	22063.4
3017.55	22063.4
3017.98	22100.3
3018.42	22100.3
3018.86	22172.5
3019.3	22175.5
3019.73	22242.2
3020.17	22257
3020.61	22257
3021.05	22252.6
3021.48	22242.2
3021.92	22242.2
3022.36	22242.2
3022.8	22242.2
3023.23	22242.2
3023.67	22242.2
3024.11	22242.2
3024.54	22194.9
3024.98	22152.7
3025.42	22152.7
3025.86	22152.7
3026.29	22265.8
3026.73	22265.8
3027.17	22270.4
3027.6	22272.4
3028.04	22272.4
3028.48	22272.4
3028.91	22272.4
3029.35	22272.4
3029.79	22272.4
3030.22	22245.3
3030.66	22245.3
3031.1	22245.3
3031.53	22245.3
3031.97	22245.3
3032.41	22245.3
3032.84	22401.9
3033.28	22401.9
3033.71	22401.9
3034.15	22404.6
3034.59	22404.6
3035.02	22417.8
3035.46	22432.2
3035.9	22432.2
3036.33	22432.2
3036.77	22432.2
3037.2	22404.6
3037.64	22404.6
3038.08	22404.6
3038.51	22404.6
3038.95	22260.2
3039.38	22388
3039.82	22388
3040.25	22388
3040.69	22388
3041.13	22388
3041.56	22388
3042	22550.3
3042.43	22550.3
3042.87	22550.3
3043.3	22550.3
3043.74	22550.3
3044.17	22550.3
3044.61	22550.3
3045.04	22502.7
3045.48	22502.7
3045.91	22462.3
3046.35	22426.8
3046.79	22425.9
3047.22	22421.8
3047.66	22382.6
3048.09	22382.6
3048.52	22144.4
3048.96	22144.4
3049.39	22144.4
3049.83	22144.4
3050.26	22144.4
3050.7	22144.4
3051.13	22196.6
3051.57	22218.5
3052	22341.2
3052.44	22341.2
3052.87	22341.2
3053.31	22341.2
3053.74	22341.2
3054.17	22289.1
3054.61	22271.7
3055.04	22271.7
3055.48	22218.5
3055.91	22154.6
3056.35	22082.7
3056.78	22058.3
3057.21	22058.3
3057.65	22058.3
3058.08	22077
3058.52	22077
3058.95	22077
3059.38	22077
3059.82	22077
3060.25	22302.9
3060.69	22393
3061.12	22445.4
3061.55	22473.4
3061.99	22473.4
3062.42	22473.4
3062.85	22502.2
3063.29	22504.8
3063.72	22504.8
3064.15	22504.8
3064.59	22504.8
3065.02	22502.2
3065.45	22502.2
3065.89	22498.6
3066.32	22498.6
3066.75	22498.6
3067.19	22498.6
3067.62	22424
3068.05	22339.8
3068.49	22339.8
3068.92	22339.8
3069.35	22339.8
3069.78	22339.8
3070.22	22339.8
3070.65	22402.6
3071.08	22433.2
3071.52	22433.2
3071.95	22517.4
3072.38	22593.6
3072.81	22595.5
3073.25	22653.5
3073.68	22653.5
3074.11	22720.3
3074.54	22674.4
3074.98	22679.3
3075.41	22679.3
3075.84	22679.3
3076.27	22679.3
3076.71	22679.3
3077.14	22674.4
3077.57	22535.3
3078	22535.3
3078.43	22535.3
3078.87	22535.3
3079.3	22535.3
3079.73	22535.3
3080.16	22749.3
3080.59	22749.3
3081.03	22749.3
3081.46	22751.9
3081.89	22751.9
3082.32	22777.7
3082.75	22799.1
3083.18	22799.1
3083.62	22777.7
3084.05	22751.9
3084.48	22717.8
3084.91	22658.2
3085.34	22658.2
3085.77	22658.2
3086.2	22470.7
3086.64	22470.7
3087.07	22470.7
3087.5	22470.7
3087.93	22470.7
3088.36	22470.7
3088.79	22568.7
3089.22	22568.7
3089.65	22606.1
3090.09	22606.1
3090.52	22606.1
3090.95	22607.5
3091.38	22636
3091.81	22689.4
3092.24	22689.4
3092.67	22689.4
3093.1	22689.4
3093.53	22644.2
3093.96	22689.4
3094.39	22689.4
3094.82	22689.4
3095.26	22689.4
3095.69	22689.4
3096.12	22716.6
3096.55	22735.3
3096.98	22735.3
3097.41	22735.3
3097.84	22735.3
3098.27	22735.3
3098.7	22675
3099.13	22672.9
3099.56	22672.9
3099.99	22672.9
3100.42	22546.2
3100.85	22546.2
3101.28	22546.2
3101.71	22546.2
3102.14	22546.2
3102.57	22546.2
3103	22822.5
3103.43	22822.5
3103.86	22937.3
3104.29	22937.3
3104.72	22937.3
3105.15	22937.3
3105.58	22937.3
3106.01	22937.3
3106.44	22937.3
3106.86	22937.3
3107.29	22937.3
3107.72	22864.6
3108.15	22902.4
3108.58	22864.6
3109.01	22864.6
3109.44	22864.6
3109.87	22864.6
3110.3	22864.6
3110.73	22864.6
3111.16	22864.6
3111.58	22840.6
3112.01	22840.6
3112.44	22840.6
3112.87	22790.6
3113.3	22790.6
3113.73	22790.6
3114.16	22840.6
3114.59	22880.6
3115.01	22903.1
3115.44	22931.6
3115.87	22972.8
3116.3	23022.4
3116.73	23022.4
3117.16	23074.7
3117.59	23074.7
3118.02	23074.7
3118.44	23074.7
3118.87	23074.7
3119.3	22972.8
3119.73	22875.6
3120.16	22875.6
3120.58	22875.6
3121.01	22875.6
3121.44	22875.6
3121.87	22875.6
3122.3	22861.1
3122.72	22879
3123.15	22998.1
3123.58	22998.1
3124.01	22998.1
3124.43	22998.1
3124.86	22998.1
3125.29	22917.6
3125.72	22916.6
3126.15	22861.1
3126.57	22859.9
3127	22819.4
3127.43	22781.1
3127.86	22732.8
3128.28	22662
3128.71	22639.4
3129.14	22639.4
3129.57	22639.4
3129.96	22639.4
3130.39	22639.4
3130.82	22662
3131.26	22783.9
3131.69	22846.9
3132.12	22859.9
3132.56	22872.9
3132.99	22927.9
3133.43	22991.9
3133.86	23124.9
3134.29	23277.9
3134.73	23315.9
3135.16	23287.9
3135.59	23267.9
3136.03	23124.9
3136.46	23124.9
3136.89	23124.9
3137.33	23124.9
3137.76	23016.9
3138.19	23016.9
3138.63	23016.9
3139.06	23016.9
3139.49	23016.9
3139.93	23016.9
3140.36	23016.9
3140.79	23207.9
3141.22	23233.9
3141.66	23233.9
3142.09	23233.9
3142.52	23233.9
3142.96	23233.9
3143.39	23255.9
3143.82	23308.9
3144.25	23308.9
3144.69	23255.9
3145.12	23230.9
3145.55	23167.9
3145.98	23078.9
3146.42	23078.9
3146.85	23071.9
3147.28	23037.9
3147.71	23037.9
3148.15	23037.9
3148.58	23037.9
3149.01	23037.9
3149.44	23037.9
3149.87	23069.9
3150.31	23071.9
3150.74	23127.9
3151.17	23127.9
3151.6	23200.9
3152.03	23223.9
3152.47	23253.9
3152.9	23270.9
3153.33	23323.9
3153.76	23349.9
3154.19	23349.9
3154.62	23349.9
3155.06	23323.9
3155.49	23323.9
3155.92	23323.9
3156.35	23323.9
3156.78	23193.9
3157.21	23177.9
3157.65	23032.9
3158.08	23032.9
3158.51	23032.9
3158.94	23032.9
3159.37	23032.9
3159.8	23032.9
3160.23	23221.9
3160.67	23243.9
3161.1	23243.9
3161.53	23243.9
3161.96	23287.9
3162.39	23294.9
3162.82	23334.9
3163.25	23334.9
3163.68	23334.9
3164.11	23334.9
3164.54	23334.9
3164.97	23294.9
3165.41	23294.9
3165.83	23294.9
3166.27	23294.9
3166.7	23344.9
3167.13	23344.9
3167.56	23344.9
3167.99	23344.9
3168.42	23344.9
3168.85	23092.9
3169.28	23092.9
3169.71	23261
3170.14	23261
3170.57	23261
3171	23261
3171.43	23225.1
3171.86	23225.1
3172.29	23223.7
3172.72	23223.7
3173.15	23223.7
3173.58	23225.1
3174.01	23228.9
3174.44	23226.9
3174.87	23226.9
3175.3	23226.9
3175.73	23226.9
3176.16	23228.9
3176.59	23228.9
3177.02	23228.9
3177.45	23228.9
3177.88	23228.9
3178.31	23337.9
3178.74	23337.9
3179.17	23337.9
3179.6	23337.9
3180.02	23337.9
3180.46	23337.9
3180.88	23337.9
3181.31	23347.9
3181.74	23347.9
3182.17	23347.9
3182.6	23347.9
3183.03	23347.9
3183.46	23333.9
3183.89	23333.9
3184.32	23333.9
3184.75	23333.9
3185.17	23333.9
3185.6	23347.9
3186.03	23482.9
3186.46	23491.9
3186.89	23491.9
3187.32	23479.9
3187.75	23479.9
3188.18	23479.9
3188.6	23479.9
3189.03	23479.9
3189.46	23479.9
3189.89	23479.9
3190.32	23247.9
3190.75	23247.9
3191.18	23247.9
3191.6	23247.9
3192.03	23247.9
3192.46	23247.9
3192.89	23314.9
3193.32	23314.9
3193.74	23314.9
3194.17	23314.9
3194.6	23314.9
3195.03	23403.9
3195.46	23403.9
3195.88	23403.9
3196.31	23403.9
3196.74	23403.9
3197.17	23403.9
3197.6	23330.9
3198.02	23330.9
3198.45	23330.9
3198.88	23403.9
3199.31	23403.9
3199.73	23439.9
3200.16	23460.9
3200.59	23460.9
3201.02	23460.9
3201.44	23460.9
3201.87	23460.9
3202.3	23529.9
3202.73	23529.9
3203.15	23529.9
3203.58	23529.9
3204.01	23608.9
3204.43	23620.9
3204.86	23620.9
3205.29	23620.9
3205.72	23620.9
3206.14	23620.9
3206.57	23667.9
3207	23667.9
3207.42	23667.9
3207.85	23667.9
3208.28	23667.9
3208.7	23605.9
3209.13	23547.9
3209.56	23471.9
3209.98	23471.9
3210.41	23471.9
3210.84	23471.9
3211.26	23471.9
3211.69	23471.9
3212.12	23659.9
3212.54	23659.9
3212.97	23659.9
3213.39	23659.9
3213.82	23659.9
3214.25	23663.9
3214.67	23679.9
3215.1	23679.9
3215.53	23659.9
3215.95	23659.9
3216.38	23659.9
3216.8	23628.9
3217.23	23628.9
3217.66	23628.9
3218.08	23628.9
3218.51	23605.9
3218.93	23605.9
3219.36	23477.9
3219.78	23477.9
3220.21	23477.9
3220.64	23477.9
3221.06	23477.9
3221.49	23675.9
3221.91	23693.9
3222.34	23693.9
3222.76	23693.9
3223.19	23695.9
3223.61	23731.9
3224.04	23731.9
3224.46	23731.9
3224.89	23731.9
3225.32	23754.9
3225.74	23731.9
3226.17	23702.9
3226.59	23702.9
3227.02	23702.9
3227.44	23702.9
3227.87	23666.9
3228.29	23656.9
3228.71	23656.9
3229.14	23656.9
3229.56	23656.9
3229.99	23656.9
3230.41	23666.9
3230.84	23687.9
3231.26	23687.9
3231.69	23751.9
3232.11	23751.9
3232.54	23751.9
3232.96	23795.9
3233.39	23795.9
3233.81	23856.9
3234.24	23856.9
3234.66	23856.9
3235.08	23795.9
3235.51	23795.9
3235.93	23795.9
3236.36	23727.9
3236.78	23727.9
3237.21	23615.9
3237.63	23605.9
3238.05	23605.9
3238.48	23605.9
3238.9	23605.9
3239.33	23605.9
3239.75	23615.9
3240.17	23687.9
3240.6	23743.9
3241.02	23743.9
3241.44	23743.9
3241.87	23743.9
3242.29	23817.9
3242.71	23817.9
3243.14	23817.9
3243.56	23805.9
3243.98	23805.9
3244.41	23805.9
3244.83	23743.9
3245.25	23805.9
3245.68	23805.9
3246.1	23805.9
3246.52	23805.9
3246.95	23625.9
3247.37	23805.9
3247.79	23805.9
3248.22	23838.9
3248.64	23838.9
3249.06	23845.9
3249.49	23860.9
3249.91	23860.9
3250.33	23860.9
3250.76	23860.9
3251.18	23860.9
3251.6	23860.9
3252.02	23850.9
3252.45	23779.9
3252.87	23779.9
3253.29	23779.9
3253.71	23727.9
3254.14	23727.9
3254.56	23727.9
3254.98	23727.9
3255.4	23727.9
3255.83	23727.9
3256.25	23738.3
3256.67	23738.3
3257.09	23738.3
3257.52	23737
3257.94	23735.3
3258.36	23735.3
3258.78	23712.9
3259.2	23735.3
3259.63	23735.3
3260.05	23735.3
3260.47	23712.9
3260.89	23710.9
3261.31	23704.9
3261.74	23704.9
3262.16	23704.9
3262.58	23710.9
3263	23712.9
3263.42	23773.9
3263.85	23856.9
3264.27	23856.9
3264.69	23856.9
3265.11	23856.9
3265.53	23856.9
3265.95	23856.9
3266.37	23919.9
3266.79	23919.9
3267.22	23919.9
3267.64	23919.9
3268.06	23847.9
3268.48	23847.9
3268.9	23847.9
3269.32	23847.9
3269.74	23847.9
3270.17	23847.9
3270.59	23876.9
3271.01	23827.9
3271.43	23827.9
3271.85	23827.9
3272.27	23827.9
3272.69	23876.9
3273.11	23830.9
3273.53	23830.9
3273.95	23830.9
3274.37	23830.9
3274.79	23830.9
3275.21	23827.9
3275.64	23830.9
3276.06	23830.9
3276.48	23830.9
3276.9	23830.9
3277.32	23830.9
3277.74	23825.9
3278.16	23851.9
3278.58	23851.9
3279	23851.9
3279.42	23851.9
3279.84	23851.9
3280.26	23825.9
3280.68	23825.9
3281.1	23825.9
3281.52	23825.9
3281.94	23825.9
3282.36	23717.9
3282.78	23717.9
3283.2	23717.9
3283.62	23822.9
3284.04	23822.9
3284.46	23822.9
3284.88	23862.9
3285.3	23886.9
3285.72	23958.9
3286.14	23958.9
3286.56	23958.9
3286.98	23993.9
3287.4	23958.9
3287.81	23958.9
3288.23	23958.9
3288.65	23958.9
3289.07	23958.9
3289.49	23920.9
3289.91	23735.9
3290.33	23677.9
3290.75	23677.9
3291.17	23677.9
3291.59	23677.9
3292.01	23677.9
3292.43	23677.9
3292.84	23735.9
3293.26	23735.9
3293.68	23735.9
3294.1	23787
3294.52	23787
3294.94	23848.5
3295.36	23848.5
3295.78	23848.5
3296.19	23848.5
3296.61	23848.5
3297.03	23848.5
3297.45	23815
3297.87	23815
3298.29	23817.9
3298.71	23815
3299.12	23815
3299.54	23815
3299.96	23815
3300.38	23815
3300.8	23815
3301.22	23817.9
3301.63	23817.9
3302.05	23817.9
3302.47	23817.9
3302.89	23782.6
3303.31	23899.2
3303.72	23899.2
3304.14	23899.2
3304.56	23899.2
3304.98	23899.2
3305.4	23899.2
3305.81	23901.7
3306.23	23901.7
3306.65	23901.7
3307.07	23901.7
3307.48	23901.7
3307.9	23840.6
3308.32	23840.6
3308.74	23834.3
3309.15	23830.9
3309.57	23829.7
3309.99	23767
3310.41	23767
3310.82	23767
3311.24	23812.3
3311.66	23812.3
3312.08	23805.2
3312.49	23805.2
3312.91	23805.2
3313.33	23812.3
3313.74	23815.3
3314.16	23850.2
3314.58	23883.5
3314.99	23850.2
3315.41	23817
3315.83	23817
3316.25	23820.1
3316.66	23822
3317.08	23822
3317.49	23822
3317.91	23822
3318.33	23820.1
3318.74	23820.1
3319.16	23820.1
3319.58	23822
3319.99	23827.3
3320.41	23846.3
3320.83	23846.3
3321.24	23846.3
3321.66	23846.3
3322.08	23846.3
3322.49	23812.1
3322.91	23860.1
3323.32	23860.1
3323.74	23860.1
3324.16	23860.1
3324.57	23922.7
3324.99	23826.6
3325.4	23826.6
3325.82	23826.6
3326.24	23826.6
3326.65	23826.6
3327.07	23826.6
3327.48	23826.6
3327.9	23826.6
3328.32	23826.6
3328.73	23826.6
3329.15	23826.6
3329.56	23829.4
3329.98	23829.4
3330.39	23829.4
3330.81	23829.4
3331.22	23829.4
3331.64	23831.3
3332.05	23880.6
3332.47	23936.3
3332.89	23936.3
3333.3	23936.3
3333.71	23936.3
3334.13	23938.4
3334.55	23938.4
3334.96	23938.4
3335.38	23938.4
3335.79	23938.4
3336.2	23938.4
3336.62	23791.5
3337.04	23791.5
3337.45	23791.5
3337.87	23791.5
3338.28	23791.5
3338.69	23791.5
3339.11	23852.6
3339.52	23852.6
3339.94	23852.6
3340.35	23852.6
3340.77	23852.6
3341.18	23852.6
3341.6	23852.6
3342.01	23852.6
3342.43	23852.6
3342.84	23852.6
3343.25	23852.6
3343.67	23885.1
3344.08	23885.1
3344.5	23885.1
3344.91	23885.1
3345.32	23885.1
3345.74	23892.2
3346.15	23892.2
3346.57	23892.2
3346.98	23892.2
3347.4	23892.2
3347.81	23892.2
3348.22	23892.2
3348.64	23892.2
3349.05	23892.2
3349.46	23892.2
3349.88	23892.2
3350.29	23879.2
3350.7	23714.9
3351.12	23714.9
3351.53	23714.9
3351.95	23714.9
3352.36	23714.9
3352.77	23714.9
3353.19	23839.9
3353.6	23839.9
3354.01	23839.9
3354.42	23839.9
3354.84	23839.9
3355.25	23839.9
3355.67	23800.1
3356.08	23765.7
3356.49	23765
3356.9	23745.1
3357.32	23720.6
3357.73	23720.6
3358.14	23745.1
3358.56	23765
3358.97	23765.7
3359.38	23800.1
3359.79	23800.1
3360.21	23765.7
3360.62	23762.2
3361.03	23933.1
3361.44	23937.2
3361.86	23940.6
3362.27	23940.9
3362.68	23941.3
3363.09	23941.3
3363.51	23940.9
3363.92	23869.4
3364.33	23883.9
3364.74	24009.4
3365.16	24009.4
3365.57	24009.4
3365.98	24009.4
3366.39	24009.4
3366.81	24009.4
3367.22	24059.2
3367.63	24059.2
3368.04	24059.2
3368.45	24059.2
3368.86	24059.2
3369.28	24009.6
3369.69	24009.6
3370.1	23953.7
3370.51	23953.7
3370.92	23953.7
3371.34	23953.7
3371.75	23953.7
3372.16	23953.7
3372.57	23953.7
3372.98	24022.7
3373.39	24022.7
3373.81	24022.7
3374.22	24031.5
3374.63	24191.3
3375.04	24191.3
3375.45	24191.3
3375.86	24191.3
3376.27	24191.3
3376.68	24201.7
3377.1	24201.7
3377.51	24201.7
3377.92	24201.7
3378.33	24201.7
3378.74	24201.7
3379.15	24204.4
3379.56	24219.6
3379.97	24219.6
3380.38	24219.6
3380.79	24219.6
3381.2	24219.6
3381.61	24226.4
3382.03	24226.4
3382.44	24226.4
3382.85	24226.4
3383.26	24226.4
3383.67	24226.4
3384.08	24149.2
3384.49	24149.2
3384.9	24141.1
3385.31	24088
3385.72	24071.6
3386.13	24044.8
3386.54	24039.3
3386.95	23929.1
3387.36	23929.1
3387.77	23929.1
3388.18	23860.9
3388.59	23860.9
3389	23860.9
3389.41	23860.9
3389.82	23860.9
3390.23	23860.9
3390.64	23972.7
3391.05	24003.9
3391.46	24239.2
3391.87	24239.2
3392.28	24239.2
3392.69	24239.2
3393.1	24239.2
3393.51	24239.2
3393.92	24239.2
3394.33	24239.2
3394.74	24239.2
3395.15	24239.2
3395.56	24239.2
3395.97	24170.9
3396.38	24170.9
3396.79	24170.9
3397.19	24170.9
3397.6	24170.9
3398.01	24204.7
3398.42	24170.9
3398.83	24170.9
3399.24	24170.9
3399.65	24170.9
3400.06	24170.9
3400.47	24167.9
3400.88	24167.9
3401.29	24167.9
3401.69	24167.9
3402.1	24167.9
3402.51	24136.8
3402.92	24167.9
3403.33	24167.9
3403.74	24167.9
3404.15	24167.9
3404.55	24167.9
3404.96	24303.4
3405.37	24413.3
3405.78	24413.3
3406.19	24413.3
3406.6	24413.3
3407	24413.3
3407.41	24315.3
3407.82	24350.1
3408.23	24350.1
3408.64	24350.1
3409.05	24350.1
3409.45	24350.1
3409.86	24315.3
3410.27	24315.3
3410.68	24315.3
3411.09	24315.3
3411.49	24242.7
3411.9	24204
3412.31	24204
3412.72	24204
3413.12	24204
3413.53	24204
3413.94	24204
3414.35	24326.4
3414.76	24390
3415.16	24390
3415.57	24404.9
3415.98	24404.9
3416.39	24404.9
3416.79	24404.9
3417.2	24425.9
3417.61	24421.5
3418.02	24421.5
3418.42	24421.5
3418.83	24421.5
3418.88	24421.5
3419.3	24440.5
3419.71	24485.5
3420.13	24485.5
3420.54	24485.5
3420.95	24495.5
3421.37	24517.5
3421.78	24517.5
3422.19	24553.5
3422.61	24553.5
3423.02	24553.5
3423.44	24517.5
3423.85	24495.5
3424.26	24482.5
3424.68	24482.5
3425.09	24482.5
3425.5	24479.5
3425.92	24378.5
3426.33	24231.5
3426.74	24128.5
3427.16	24128.5
3427.57	24128.5
3427.98	24128.5
3428.4	24128.5
3428.81	24231.5
3429.22	24402.5
3429.64	24402.5
3430.05	24402.5
3430.46	24481.5
3430.87	24503.5
3431.29	24527.5
3431.7	24527.5
3432.11	24527.5
3432.52	24527.5
3432.94	24527.5
3433.35	24601.5
3433.76	24601.5
3434.18	24601.5
3434.59	24601.5
3435	24601.5
3435.41	24592.5
3435.83	24512.5
3436.24	24512.5
3436.65	24512.5
3437.06	24512.5
3437.48	24592.5
3437.89	24592.5
3438.3	24608.5
3438.71	24608.5
3439.12	24608.5
3439.54	24608.5
3439.95	24608.5
3440.36	24608.5
3440.77	24613.5
3441.19	24613.5
3441.6	24613.5
3442.01	24613.5
3442.42	24613.5
3442.83	24644.5
3443.24	24655.5
3443.66	24655.5
3444.07	24655.5
3444.48	24655.5
3444.89	24655.5
3445.3	24655.5
3445.71	24644.5
3446.13	24655.5
3446.54	24655.5
3446.95	24655.5
3447.36	24655.5
3447.77	24585.5
3448.18	24585.5
3448.59	24585.5
3449.01	24585.5
3449.42	24585.5
3449.83	24585.5
3450.24	24714.5
3450.65	24714.5
3451.06	24714.5
3451.47	24714.5
3451.88	24714.5
3452.29	24771.5
3452.7	24771.5
3453.12	24771.5
3453.53	24771.5
3453.94	24771.5
3454.35	24771.5
3454.76	24694.5
3455.17	24694.5
3455.58	24694.5
3455.99	24694.5
3456.4	24694.5
3456.81	24649.5
3457.22	24644.5
3457.63	24694.5
3458.04	24694.5
3458.45	24694.5
3458.86	24700.5
3459.27	24749.5
3459.68	24749.5
3460.1	24749.5
3460.51	24749.5
3460.92	24749.5
3461.33	24816.5
3461.74	24964.5
3462.15	24964.5
3462.56	24964.5
3462.97	24964.5
3463.38	24964.5
3463.79	24964.5
3464.2	24911.5
3464.61	24911.5
3465.02	24853.5
3465.43	24853.5
3465.83	24853.5
3466.24	24842.5
3466.66	24842.5
3467.06	24842.5
3467.47	24842.5
3467.88	24842.5
3468.29	24771
3468.7	24766.5
3469.11	24747
3469.52	24741.9
3469.93	24741.5
3470.34	24741.5
3470.75	24741.9
3471.16	24747
3471.57	24747
3471.98	24741.9
3472.39	24739.5
3472.79	24691.5
3473.2	24691.5
3473.61	24739.5
3474.02	24834.5
3474.43	24879.5
3474.84	24879.5
3475.25	24879.5
3475.66	24879.5
3476.07	24879.5
3476.47	24879.5
3476.88	24879.5
3477.29	24879.5
3477.7	24834.5
3478.11	24883.5
3478.52	24883.5
3478.93	24827.5
3479.34	24827.5
3479.74	24808.5
3480.15	24808.5
3480.56	24808.5
3480.97	24827.5
3481.38	24827.5
3481.79	24827.5
3482.19	24827.5
3482.6	24808.5
3483.01	24808.5
3483.42	24808.5
3483.83	24808.5
3484.24	24886.5
3484.64	24886.5
3485.05	24936.5
3485.46	24936.5
3485.87	24936.5
3486.27	24936.5
3486.68	24936.5
3487.09	24936.5
3487.5	24886.5
3487.91	24895.5
3488.31	24895.5
3488.72	24895.5
3489.13	24895.5
3489.54	24895.5
3489.94	24895.5
3490.35	24895.5
3490.76	24895.5
3491.17	24895.5
3491.57	24895.5
3491.98	24895.5
3492.39	24818.5
3492.79	24818.5
3493.2	24818.5
3493.61	24818.5
3494.02	24818.5
3494.42	24818.5
3494.83	25083.5
3495.24	25083.5
3495.65	25083.5
3496.05	25083.5
3496.46	25083.5
3496.87	25083.5
3497.27	25035.5
3497.68	25035.5
3498.09	25035.5
3498.49	25035.5
3498.9	25035.5
3499.31	25035.5
3499.71	25048.5
3500.12	25139.5
3500.53	25139.5
3500.93	25139.5
3501.34	25139.5
3501.75	25139.5
3502.15	25048.5
3502.56	25048.5
3502.96	25048.5
3503.37	25048.5
3503.78	25048.5
3504.18	25032.5
3504.59	24993.5
3505	24993.5
3505.4	24993.5
3505.81	24993.5
3506.21	25032.5
3506.62	25032.5
3507.03	25032.5
3507.43	25032.5
3507.84	25032.5
3508.24	25032.5
3508.65	25043.5
3509.06	25180.5
3509.46	25180.5
3509.87	25180.5
3510.27	25180.5
3510.68	25180.5
3511.08	25180.5
3511.49	25180.5
3511.9	25180.5
3512.3	25180.5
3512.71	25180.5
3513.11	25180.5
3513.52	25205.5
3513.92	25205.5
3514.33	25205.5
3514.73	25205.5
3515.14	25205.5
3515.54	25205.5
3515.95	25119.5
3516.35	25119.5
3516.76	25119.5
3517.16	25119.5
3517.57	25119.5
3517.97	25119.5
3518.38	25145.5
3518.78	25212.5
3519.19	25306.5
3519.59	25306.5
3520	25306.5
3520.4	25306.5
3520.81	25337.5
3521.21	25351.5
3521.62	25351.5
3522.02	25351.5
3522.43	25351.5
3522.83	25351.5
3523.24	25351.5
3523.64	25351.5
3524.04	25351.5
3524.45	25351.5
3524.85	25351.5
3525.26	25277.5
3525.66	25200.5
3526.07	25151.5
3526.47	25151.5
3526.87	25151.5
3527.28	25151.5
3527.68	25151.5
3528.09	25177.5
3528.49	25200.5
3528.89	25200.5
3529.3	25200.5
3529.7	25200.5
3530.11	25239.5
3530.51	25261.5
3530.91	25300.5
3531.32	25300.5
3531.72	25300.5
3532.12	25300.5
3532.53	25363.5
3532.93	25363.5
3533.34	25363.5
3533.74	25363.5
3534.14	25363.5
3534.55	25363.5
3534.95	25197.5
3535.35	25197.5
3535.76	25197.5
3536.16	25197.5
3536.56	25197.5
3536.97	25197.5
3537.37	25383.5
3537.77	25383.5
3538.18	25383.5
3538.58	25383.5
3538.98	25383.5
3539.39	25383.5
3539.79	25383.5
3540.19	25478.9
3540.59	25478.9
3541	25478.9
3541.4	25478.9
3541.8	25478.9
3542.21	25523.1
3542.61	25523.1
3543.01	25523.1
3543.41	25523.1
3543.82	25523.1
3544.22	25523.1
3544.62	25136.5
3545.02	25136.5
3545.43	25136.5
3545.83	25136.5
3546.23	25136.5
3546.63	25136.5
3547.04	25289
3547.44	25289
3547.84	25289
3548.24	25289
3548.64	25289
3549.05	25289
3549.45	25256.5
3549.85	25164.7
3550.25	24889.1
3550.65	24889.1
3551.06	24889.1
3551.46	24889.1
3551.86	24889.1
3552.26	24889.1
3552.66	25038.8
3553.07	25055.9
3553.47	25055.9
3553.87	25127.6
3554.27	25273.9
3554.67	25278
3555.07	25281.9
3555.48	25434.2
3555.88	25440.3
3556.28	25486.9
3556.68	25486.9
3557.08	25486.9
3557.48	25486.9
3557.88	25486.9
3558.29	25486.9
3558.69	25486.9
3559.09	25486.9
3559.49	25486.9
3559.89	25486.9
3560.29	25486.9
3560.69	25520.9
3561.09	25535.9
3561.49	25535.9
3561.89	25535.9
3562.3	25535.9
3562.7	25535.9
3563.1	25520.9
3563.5	25408.4
3563.9	25408.4
3564.3	25408.4
3564.7	25408.4
3565.1	25408.4
3565.5	25408.4
3565.9	25545.8
3566.3	25545.8
3566.7	25545.8
3567.1	25545.8
3567.5	25545.8
3567.91	25545.8
3568.3	25545.8
3568.71	25545.8
3569.1	25545.8
3569.51	25545.8
3569.91	25545.8
3570.31	25469.7
3570.71	25469.7
3571.11	25469.7
3571.51	25469.7
3571.91	25469.7
3572.31	25469.7
3572.71	25355
3573.11	25336.4
3573.51	25336.4
3573.91	25336.4
3574.31	25336.4
3574.71	25336.4
3575.11	25355
3575.5	25424
3575.91	25424
3576.3	25424
3576.7	25424
3577.1	25424
3577.5	25424
3577.9	25401.3
3578.3	25401.3
3578.7	25401.3
3579.1	25401.3
3579.5	25401.3
3579.9	25401.3
3580.3	25401.3
3580.7	25401.3
3581.1	25401.3
3581.5	25401.3
3581.9	25400
3582.3	25492
3582.69	25422.6
3583.09	25422.6
3583.49	25422.6
3583.89	25422.6
3584.29	25422.6
3584.69	25422.6
3585.09	25422.6
3585.49	25422.6
3585.89	25422.6
3586.28	25422.6
3586.68	25351.9
3587.08	25305.4
3587.48	25305.4
3587.88	25305.4
3588.28	25305.4
3588.68	25305.4
3589.07	25305.4
3589.47	25402.4
3589.87	25402.4
3590.27	25402.4
3590.67	25402.4
3591.07	25402.4
3591.46	25402.4
3591.86	25386.5
3592.26	25386.5
3592.66	25386.5
3593.06	25386.5
3593.45	25346.2
3593.85	25291.9
3594.25	25284
3594.65	25284
3595.05	25284
3595.44	25284
3595.84	25203.4
3596.24	25124.4
3596.64	25011.7
3597.03	25011.7
3597.43	25011.7
3597.83	25011.7
3598.23	24976.6
3598.62	24963.8
3599.02	24963.8
3599.42	24963.8
3599.82	24963.8
3600.22	24963.8
3600.61	24708.5
3601.01	24639.7
3601.41	24639.7
3601.81	24639.7
3602.2	24639.7
3602.6	24639.7
3603	24639.7
3603.39	24661.2
3603.79	24661.2
3604.19	24661.2
3604.58	24661.2
3604.98	24661.2
3605.38	24661.2
3605.77	24657
3606.17	24584
3606.57	24584
3606.97	24584
3607.36	24584
3607.76	24584
3608.16	24657
3608.55	24657.5
3608.95	24767.3
3609.35	24767.3
3609.74	24767.3
3610.14	24767.3
3610.54	24767.3
3610.93	24812.5
3611.33	24812.5
3611.72	24812.5
3612.12	24812.5
3612.52	24812.5
3612.91	24818.1
3613.31	24818.1
3613.71	24818.1
3614.1	24818.1
3614.5	24818.1
3614.89	24818.1
3615.29	24570.2
3615.69	24570.2
3616.08	24570.2
3616.48	24570.2
3616.87	24570.2
3617.27	24570.2
3617.67	24596.9
3618.06	24754.4
3618.46	24754.4
3618.85	24754.4
3619.25	24754.4
3619.64	24754.4
3620.04	24754.4
3620.44	24754.4
3620.83	24754.4
3621.23	24754.4
3621.62	24754.4
3622.02	24744.4
3622.41	24738.1
3622.81	24738.1
3623.2	24738.1
3623.6	24738.1
3623.99	24738.1
3624.39	24738.1
3624.78	24400.3
3625.18	24400.3
3625.58	24400.3
3625.97	24400.3
3626.36	24400.3
3626.76	24400.3
3627.15	24397.2
3627.55	24397.2
3627.94	24397.2
3628.34	24397.2
3628.73	24397.2
3629.13	24397.2
3629.52	24379.6
3629.92	24340.7
3630.31	24262.4
3630.71	24262.4
3631.1	24262.4
3631.5	24262.4
3631.89	24262.4
3632.29	24285.4
3632.68	24285.4
3633.07	24285.4
3633.47	24285.4
3633.86	24285.4
3634.26	24262.4
3634.65	24285.4
3635.05	24285.4
3635.44	24285.4
3635.83	24285.4
3636.23	24285.4
3636.62	24362.8
3637.02	24372.5
3637.41	24372.5
3637.8	24372.5
3638.2	24372.5
3638.59	24372.5
3638.99	24372.5
3639.38	24331.5
3639.77	24331.5
3640.17	24331.5
3640.56	24331.5
3640.95	24331.5
3641.35	24307.7
3641.74	24307.7
3642.14	24307.7
3642.53	24307.7
3642.92	24304.4
3643.32	24299.5
3643.71	24069.1
3644.1	24013.9
3644.5	24013.9
3644.89	24013.9
3645.28	24013.9
3645.68	24013.9
3646.07	24013.9
3646.46	24184.6
3646.85	24215.2
3647.25	24215.2
3647.64	24215.2
3648.03	24215.2
3648.43	24215.2
3648.82	24184.6
3649.21	24090
3649.61	24090
3650	24090
3650.39	24090
3650.78	24090
3651.18	24063.5
3651.57	24063.5
3651.96	24063.5
3652.35	24063.5
3652.75	24063.5
3653.14	23892.9
3653.53	23892.9
3653.93	23892.9
3654.32	23892.9
3654.71	23892.9
3655.1	23892.9
3655.5	24090
3655.89	24106.4
3656.28	24106.4
3656.67	24106.4
3657.06	24106.4
3657.46	24106.4
3657.85	24106.4
3658.24	23965.3
3658.63	23965.3
3659.02	23965.3
3659.42	23965.3
3659.81	23965.3
3660.2	23965.3
3660.59	23985.2
3660.98	23985.2
3661.37	23985.2
3661.77	23985.2
3662.16	23985.2
3662.55	23985.2
3662.94	23910.9
3663.33	23910.9
3663.72	23910.9
3664.12	23910.9
3664.51	23910.9
3664.9	23910.9
3665.29	23912.3
3665.68	23912.3
3666.07	23912.3
3666.46	23912.3
3666.86	23912.3
3667.25	23912.3
3667.64	23575.8
3668.03	23575.8
3668.42	23575.8
3668.81	23575.8
3669.2	23509.7
3669.59	23509.7
3669.98	23509.7
3670.38	23578
3670.77	23578
3671.16	23578
3671.55	23578
3671.94	23579.4
3672.33	23660.1
3672.72	23660.1
3673.11	23660.1
3673.5	23665.7
3673.89	23671.3
3674.28	23674.6
3674.67	23674.6
3675.06	23674.6
3675.45	23674.6
3675.85	23674.6
3676.24	23674.6
3676.63	23643.7
3677.02	23497.8
3677.41	23497.8
3677.8	23497.8
3678.19	23497.8
3678.58	23497.8
3678.97	23497.8
3679.36	23525.5
3679.75	23525.5
3680.14	23525.5
3680.53	23525.5
3680.92	23525.5
3681.31	23544.2
3681.7	23544.2
3682.09	23544.2
3682.48	23544.2
3682.87	23544.2
3683.26	23544.2
3683.65	23405.2
3684.04	23494.6
3684.43	23494.6
3684.82	23494.6
3685.2	23494.6
3685.59	23405.2
3685.98	23405.2
3686.37	23279.4
3686.76	23279.4
3687.15	23279.4
3687.54	23279.4
3687.93	23279.4
3688.32	23279.4
3688.71	23293.4
3689.1	23325.5
3689.49	23325.5
3689.88	23326.7
3690.27	23326.7
3690.66	23326.7
3691.04	23326.7
3691.43	23326.7
3691.82	23342.1
3692.21	23342.1
3692.6	23342.1
3692.99	23342.1
3693.38	23342.1
3693.77	23342.1
3694.16	23342.1
3694.54	23342.1
3694.93	23342.1
3695.32	23342.1
3695.71	23296.4
3696.1	23212.7
3696.49	23066.3
3696.87	23066.3
3697.26	23066.3
3697.65	23066.3
3698.04	23066.3
3698.43	23212.7
3698.82	23274.6
3699.2	23274.6
3699.59	23274.6
3699.98	23327
3700.37	23373
3700.76	23373
3701.15	23387.2
3701.53	23387.2
3701.92	23387.2
3702.31	23387.2
3702.7	23387.2
3703.09	23383.1
3703.47	23383.1
3703.86	23383.1
3704.25	23383.1
3704.49	23359.1
3704.88	23359.1
3705.27	23227.1
3705.67	23095.1
3706.06	23041.1
3706.45	23041.1
3706.85	22983.1
3707.24	22972.1
3707.63	22972.1
3708.02	22972.1
3708.42	23041.1
3708.81	23095.1
3709.2	23173.2
3709.6	23173.2
3709.99	23176
3710.38	23178.6
3710.78	23178.6
3711.17	23179.4
3711.56	23202.1
3711.95	23202.1
3712.35	23207.1
3712.74	23207.1
3713.13	23207.1
3713.52	23207.1
3713.92	23207.1
3714.31	23202.1
3714.7	23049.1
3715.09	23049.1
3715.49	23049.1
3715.88	23049.1
3716.27	23049.1
3716.66	23049.1
3717.06	23092.1
3717.45	23092.1
3717.84	23239.1
3718.23	23239.1
3718.63	23239.1
3719.02	23239.1
3719.41	23239.1
3719.8	23172.1
3720.19	23172.1
3720.59	23172.1
3720.98	23172.1
3721.37	23172.1
3721.76	23223.1
3722.15	23172.1
3722.54	23172.1
3722.94	23172.1
3723.33	23172.1
3723.72	23172.1
3724.11	23113.1
3724.5	23069.1
3724.9	23069.1
3725.29	23069.1
3725.68	23069.1
3726.07	23069.1
3726.46	23069.1
3726.85	23105.1
3727.24	23122.1
3727.63	23122.1
3728.03	23122.1
3728.42	23122.1
3728.81	23122.1
3729.2	23105.1
3729.59	23105.1
3729.98	23027.1
3730.37	23027.1
3730.76	23027.1
3731.15	23027.1
3731.55	23027.1
3731.94	23027.1
3732.33	23027.1
3732.72	23027.1
3733.11	23027.1
3733.5	22992.1
3733.89	22992.1
3734.28	22932.1
3734.67	22932.1
3735.06	22932.1
3735.45	22932.1
3735.85	22932.1
3736.23	23161.1
3736.63	23161.1
3737.02	23161.1
3737.41	23161.1
3737.8	23161.1
3738.19	23074.1
3738.58	23074.1
3738.97	23074.1
3739.36	23074.1
3739.75	23074.1
3740.14	23074.1
3740.53	23074.1
3740.92	23131.1
3741.31	23131.1
3741.7	23131.1
3742.09	23131.1
3742.48	23131.1
3742.87	23131.1
3743.26	22994.1
3743.65	22994.1
3744.04	22994.1
3744.43	22994.1
3744.82	22994.1
3745.21	22994.1
3745.6	23037.1
3745.99	23037.1
3746.38	23037.1
3746.77	23037.1
3747.16	23037.1
3747.55	23037.1
3747.94	23037.1
3748.32	23037.1
3748.71	23037.1
3749.1	23037.1
3749.49	23037.1
3749.88	23079.1
3750.27	23091.1
3750.66	23091.1
3751.05	23091.1
3751.44	23091.1
3751.83	23091.1
3752.22	23079.1
3752.61	23059.1
3753	23059.1
3753.38	22975.1
3753.77	22975.1
3754.16	22975.1
3754.55	22975.1
3754.94	23059.1
3755.33	22975.1
3755.72	22975.1
3756.11	22975.1
3756.49	22975.1
3756.88	22975.1
3757.27	22950.1
3757.66	22950.1
3758.05	22950.1
3758.44	22950.1
3758.83	22950.1
3759.21	22950.1
3759.6	23063.1
3759.99	23063.1
3760.38	23063.1
3760.77	23063.1
3761.16	23063.1
3761.54	23063.1
3761.93	23041.1
3762.32	23011.1
3762.71	23011.1
3763.1	23011.1
3763.49	23011.1
3763.87	23011.1
3764.26	23041.1
3764.65	23041.1
3765.04	23041.1
3765.43	23041.1
3765.81	23011.1
3766.2	23011.1
3766.59	22783.1
3766.98	22783.1
3767.36	22783.1
3767.75	22783.1
3768.14	22783.1
3768.53	22783.1
3768.92	22887.1
3769.3	22938.1
3769.69	23039.1
3770.08	23066.1
3770.46	23066.1
3770.85	23066.1
3771.24	23066.1
3771.63	23066.1
3772.01	23096.1
3772.4	23096.1
3772.79	23096.1
3773.18	23096.1
3773.56	23066.1
3773.95	23007.1
3774.34	22988.1
3774.72	22988.1
3775.11	22988.1
3775.5	22988.1
3775.89	22851.1
3776.27	22798.1
3776.66	22798.1
3777.05	22798.1
3777.43	22798.1
3777.82	22798.1
3778.21	22798.1
3778.59	22751.1
3778.98	22838.1
3779.37	22838.1
3779.75	23015.1
3780.14	23015.1
3780.53	23015.1
3780.91	23087.1
3781.3	23015.1
3781.68	23015.1
3782.07	23015.1
3782.46	23015.1
3782.84	23079.2
3783.23	23015.1
3783.62	23015.1
3784	23005.1
3784.39	23001.7
3784.78	23001.7
3785.16	22968.8
3785.55	22968.8
3785.93	22856.5
3786.32	22852.6
3786.7	22850
3787.09	22845
3787.48	22839.1
3787.86	22836.6
3788.25	22839.1
3788.63	22845
3789.02	22845
3789.41	22839.1
3789.79	22836.6
3790.18	22836.5
3790.56	22836.5
3790.95	22836.5
3791.33	22836.5
3791.72	22909.3
3792.1	22917
3792.49	23014.3
3792.88	23036.9
3793.26	23036.9
3793.65	23036.9
3794.03	23036.9
3794.42	23036.9
3794.8	23014.3
3795.19	22830.5
3795.57	22685.5
3795.96	22685.5
3796.34	22653.9
3796.73	22653.9
3797.11	22653.9
3797.5	22653.9
3797.88	22685.5
3798.27	22685.5
3798.65	22701.5
3799.04	22762.3
3799.42	22762.3
3799.81	22768.8
3800.19	22768.8
3800.58	22824.9
3800.96	22824.9
3801.35	22824.9
3801.73	22824.9
3802.11	22896.1
3802.5	22896.1
3802.88	22896.1
3803.27	22896.1
3803.65	22896.1
3804.04	22896.1
3804.42	22616
3804.81	22607.5
3805.19	22607.5
3805.57	22607.5
3805.96	22607.5
3806.34	22607.5
3806.73	22607.5
3807.11	22846.7
3807.49	22846.7
3807.88	22846.7
3808.26	22846.7
3808.65	22846.7
3809.03	22846.7
3809.41	22817.4
3809.8	22817.4
3810.18	22817.4
3810.57	22817.4
3810.95	22817.4
3811.33	22817.4
3811.72	22876.7
3812.1	22876.7
3812.48	22876.7
3812.87	22876.7
3813.25	22876.7
3813.63	22876.7
3814.02	22772.4
3814.4	22772.4
3814.78	22770.7
3815.17	22770.7
3815.55	22770.7
3815.94	22744.2
3816.32	22744.2
3816.7	22744.2
3817.08	22744.2
3817.47	22744.2
3817.85	22744.2
3818.23	22744.2
3818.62	22577.2
3819	22563.2
3819.38	22563.2
3819.77	22563.2
3820.15	22563.2
3820.53	22563.2
3820.91	22563.2
3821.3	22642.6
3821.68	22642.6
3822.06	22642.6
3822.45	22642.6
3822.83	22642.6
3823.21	22642.6
3823.59	22716.9
3823.97	22626.7
3824.36	22626.7
3824.74	22626.7
3825.12	22626.7
3825.51	22626.7
3825.89	22716.9
3826.27	22716.9
3826.65	22716.9
3827.03	22716.9
3827.42	22716.9
3827.8	22697.4
3828.18	22697.4
3828.56	22611.2
3828.95	22611.2
3829.33	22611.2
3829.71	22611.2
3830.09	22611.2
3830.47	22611.2
3830.86	22856.2
3831.24	22856.2
3831.62	22856.2
3832	22856.2
3832.38	22856.2
3832.76	22856.2
3833.15	22546.5
3833.53	22511.6
3833.91	22476.6
3834.29	22476.6
3834.67	22467.2
3835.05	22451.3
3835.43	22445.8
3835.82	22431.1
3836.2	22425.6
3836.58	22385.3
3836.96	22355.1
3837.34	22185.3
3837.72	22185.3
3838.1	22185.3
3838.49	22185.3
3838.87	22185.3
3839.25	22355.1
3839.63	22534.2
3840.01	22583.4
3840.39	22583.4
3840.77	22583.4
3841.15	22583.4
3841.53	22583.4
3841.92	22583.4
3842.3	22290.3
3842.68	22263.1
3843.06	22263.1
3843.44	22263.1
3843.82	22263.1
3844.2	22263.1
3844.58	22263.1
3844.96	22417.5
3845.34	22417.5
3845.72	22417.5
3846.1	22417.5
3846.48	22417.5
3846.86	22417.5
3847.24	22374.8
3847.62	22374.8
3848.01	22374.8
3848.38	22374.8
3848.77	22374.8
3849.15	22374.8
3849.53	22415.4
3849.91	22694.4
3850.29	22694.4
3850.67	22694.4
3851.05	22694.4
3851.43	22694.4
3851.81	22694.4
3852.19	22600.7
3852.57	22600.7
3852.95	22600.7
3853.33	22600.7
3853.71	22600.7
3854.09	22591.2
3854.46	22591.2
3854.85	22591.2
3855.22	22591.2
3855.6	22580.4
3855.98	22580.4
3856.36	22348.6
3856.74	22348.6
3857.12	22348.6
3857.5	22348.6
3857.88	22348.6
3858.26	22348.6
3858.64	22465.1
3859.02	22728.8
3859.4	22728.8
3859.78	22728.8
3860.16	22728.8
3860.54	22728.8
3860.92	22728.8
3861.3	22544
3861.67	22544
3862.05	22538.9
3862.43	22538.9
3862.81	22538.9
3863.19	22538.9
3863.57	22538.9
3863.95	22538.9
3864.33	22538.9
3864.71	22538.9
3865.08	22538.9
3865.46	22538.9
3865.84	22445.3
3866.22	22302.9
3866.6	22302.9
3866.98	22302.9
3867.36	22302.9
3867.73	22302.9
3868.11	22302.9
3868.49	22446.4
3868.87	22446.4
3869.25	22446.4
3869.63	22446.4
3870.01	22446.4
3870.38	22446.4
3870.76	22371.9
3871.14	22371.9
3871.52	22371.9
3871.9	22371.9
3872.27	22371.9
3872.65	22371.9
3873.03	22520.1
3873.41	22621.3
3873.79	22621.3
3874.16	22621.3
3874.54	22621.3
3874.92	22621.3
3875.3	22621.3
3875.68	22327.3
3876.05	22269.5
3876.43	22269.5
3876.81	22269.5
3877.19	22269.5
3877.56	22269.5
3877.94	22327.3
3878.32	22542.7
3878.7	22542.7
3879.07	22542.7
3879.45	22542.7
3879.83	22542.7
3880.21	22542.7
3880.58	22473.3
3880.96	22450.6
3881.34	22427.8
3881.72	22412.2
3882.09	22303.9
3882.47	22303.9
3882.85	22299.2
3883.22	22299.2
3883.6	22280.2
3883.98	22198.5
3884.35	22198.5
3884.73	22198.5
3885.11	22173.9
3885.49	22173.9
3885.86	22173.9
3886.24	22173.9
3886.62	22173.9
3886.99	22247.8
3887.37	22447.4
3887.75	22482.2
3888.12	22482.2
3888.5	22482.2
3888.88	22482.2
3889.25	22482.2
3889.63	22482.2
3890.01	22439.9
3890.38	22439.9
3890.76	22439.9
3891.13	22439.9
3891.51	22439.9
3891.89	22407.1
3892.26	22439.9
3892.64	22439.9
3893.02	22407.1
3893.39	22407.1
3893.77	22399.7
3894.15	22399.7
3894.52	22383.5
3894.9	22383.5
3895.27	22383.5
3895.65	22383.5
3896.02	22399.7
3896.4	22399.7
3896.78	22446
3897.15	22465.8
3897.53	22465.8
3897.9	22465.8
3898.28	22465.8
3898.65	22465.8
3899.03	22465.8
3899.41	22319.4
3899.78	22319.4
3900.16	22319.4
3900.53	22319.4
3900.91	22319.4
3901.28	22319.4
3901.66	22376.1
3902.03	22376.1
3902.41	22376.1
3902.78	22376.1
3903.16	22376.1
3903.54	22376.1
3903.91	22236.1
3904.29	22232.3
3904.66	22232.3
3905.04	22232.3
3905.41	22232.3
3905.79	22232.3
3906.16	22236.1
3906.54	22236.1
3906.91	22249
3907.29	22249
3907.66	22249
3908.04	22249
3908.41	22249
3908.79	22026.3
3909.16	22026.3
3909.53	22026.3
3909.91	22026.3
3910.28	22026.3
3910.66	22300.1
3911.03	22331.7
3911.41	22331.7
3911.78	22331.7
3912.16	22331.7
3912.53	22331.7
3912.9	22331.7
3913.28	22360.4
3913.65	22360.4
3914.03	22360.4
3914.4	22360.4
3914.78	22360.4
3915.15	22360.1
3915.52	22360.4
3915.9	22377.3
3916.27	22377.3
3916.65	22377.3
3917.02	22377.3
3917.39	22377.3
3917.77	22360.1
3918.14	22349.2
3918.52	22349.2
3918.89	22349.2
3919.26	22349.2
3919.64	22349.2
3920.01	22349.2
3920.38	22420.5
3920.76	22420.5
3921.13	22420.5
3921.51	22420.5
3921.88	22420.5
3922.25	22420.5
3922.63	22361.4
3923	22306.5
3923.37	22168.8
3923.75	22168.8
3924.12	22168.8
3924.49	22168.8
3924.87	22168.8
3925.24	22168.8
3925.61	22167.5
3925.99	22301.6
3926.36	22301.6
3926.73	22301.6
3927.1	22301.6
3927.48	22301.6
3927.85	22220
3928.22	22220
3928.6	22220
3928.97	22220
3929.34	22220
3929.72	22225.7
3930.09	22225.7
3930.46	22337
3930.83	22337
3931.21	22337
3931.58	22337
3931.95	22337
3932.32	22225.7
3932.7	22356.3
3933.07	22356.3
3933.44	22356.3
3933.81	22176.3
3934.19	22176.3
3934.56	22176.3
3934.93	22179.3
3935.09	22208.3
3935.47	22208.3
3935.84	22208.3
3936.22	22208.3
3936.6	22179.3
3936.98	22179.3
3937.36	22179.3
3937.73	22208.3
3938.11	22208.3
3938.49	22278.3
3938.87	22278.3
3939.24	22399.3
3939.62	22404.3
3940	22404.3
3940.38	22404.3
3940.75	22404.3
3941.13	22404.3
3941.51	22404.3
3941.89	22355.3
3942.26	22355.3
3942.64	22355.3
3943.02	22203.3
3943.4	22200.3
3943.77	22200.3
3944.15	22203.3
3944.53	22230.2
3944.9	22230.2
3945.28	22230.2
3945.66	22230.8
3946.04	22230.2
3946.41	22230.2
3946.79	22225.6
3947.17	22230.2
3947.54	22230.8
3947.92	22230.8
3948.3	22230.8
3948.67	22245.2
3949.05	22504.3
3949.43	22504.3
3949.8	22504.3
3950.18	22504.3
3950.56	22504.3
3950.93	22504.3
3951.31	22348.3
3951.69	22348.3
3952.06	22348.3
3952.44	22348.3
3952.82	22249.3
3953.19	22249.3
3953.57	22249.3
3953.95	22249.3
3954.32	22249.3
3954.7	22249.3
3955.07	22230.3
3955.45	22140.3
3955.83	22059.3
3956.2	22059.3
3956.58	22059.3
3956.96	22059.3
3957.33	22059.3
3957.71	22140.3
3958.08	22208.3
3958.46	22268.3
3958.83	22306.3
3959.21	22306.3
3959.59	22306.3
3959.96	22306.3
3960.34	22312.3
3960.71	22333.3
3961.09	22333.3
3961.46	22306.3
3961.84	22306.3
3962.22	22329.3
3962.59	22333.3
3962.97	22329.3
3963.34	22329.3
3963.72	22329.3
3964.09	22329.3
3964.47	22282.3
3964.84	22226.3
3965.22	22204.3
3965.59	22107.3
3965.97	21999.3
3966.34	21999.3
3966.72	21999.3
3967.09	21999.3
3967.47	21999.3
3967.85	22107.3
3968.22	22117.3
3968.59	22117.3
3968.97	22157.3
3969.34	22157.3
3969.72	22157.3
3970.09	22157.3
3970.47	22176.4
3970.84	22176.4
3971.22	22309.3
3971.59	22309.3
3971.97	22301.3
3972.34	22301.3
3972.72	22301.3
3973.09	22301.3
3973.47	22301.3
3973.84	22301.3
3974.22	22301.3
3974.59	22278.3
3974.97	22102.3
3975.34	22048.3
3975.71	22048.3
3976.09	22048.3
3976.46	22048.3
3976.84	22048.3
3977.21	22060.3
3977.58	22102.3
3977.96	22102.3
3978.33	22102.3
3978.71	22102.3
3979.08	22078.3
3979.45	22183.3
3979.83	22078.3
3980.2	22078.3
3980.58	22078.3
3980.95	22078.3
3981.32	22183.3
3981.7	22183.3
3982.07	22352.3
3982.45	22352.3
3982.82	22352.3
3983.19	22352.3
3983.57	22352.3
3983.94	22352.3
3984.31	22048.3
3984.69	22033.3
3985.06	22033.3
3985.43	22033.3
3985.81	22033.3
3986.18	22033.3
3986.55	22033.3
3986.93	22129.3
3987.3	22129.3
3987.67	22129.3
3988.05	22129.3
3988.42	22129.3
3988.79	22129.3
3989.17	21993.3
3989.54	21993.3
3989.91	21993.3
3990.29	21993.3
3990.66	21993.3
3991.03	21993.3
3991.4	22050.3
3991.78	22061.3
3992.15	22061.3
3992.52	22061.3
3992.9	22061.3
3993.27	22061.3
3993.64	22061.3
3994.01	21984.3
3994.39	21984.3
3994.76	21984.3
3995.13	21984.3
3995.5	21984.3
3995.88	21984.3
3996.25	22094.3
3996.62	22158.3
3996.99	22158.3
3997.37	22158.3
3997.74	22158.3
3998.11	22158.3
3998.48	22098.3
3998.86	22094.3
3999.23	21836.3
3999.6	21804.3
3999.97	21804.3
