18.341	8080.23
19.0175	8017.23
19.6939	8002.23
20.3726	8002.23
21.049	8002.23
21.7253	7957.23
22.4015	7957.23
23.0778	7957.23
23.7539	8017.23
24.4301	8028.23
25.1061	8030.23
25.7822	8069.23
26.4581	8158.23
27.1341	8301.23
27.81	8342.23
28.4858	8737.23
29.1639	8737.23
29.8396	8737.23
30.5153	8737.23
31.191	8737.23
31.8643	8890.23
32.5398	8890.23
33.2154	8890.23
33.8908	8890.23
34.5662	8890.23
35.2416	8890.23
35.9169	8916.23
36.5922	8979.23
37.2674	9383.23
37.9426	9383.23
38.6178	9510.23
39.2928	9510.23
39.9679	9550.23
40.6406	9560.23
41.3155	9576.23
41.9904	9578.23
42.6653	9578.23
43.3401	9578.23
44.0148	9612.23
44.6895	9788.23
45.3619	9847.23
46.0365	9924.23
46.7111	10033.2
47.3856	10033.2
48.0601	10033.2
48.7322	10049.2
49.4066	10053.2
50.081	10033.2
50.7553	10033.2
51.4272	10053.2
52.1014	10053.2
52.7756	10053.2
53.4474	9973.23
54.1214	9942.23
54.7954	9942.23
55.4671	9948.23
56.141	9942.23
56.8149	9942.23
57.4864	9942.23
58.1602	9914.23
58.8339	9897.23
59.5053	9891.23
60.1789	9891.23
60.8525	9891.23
61.5238	9790.61
62.1973	9891.23
62.8684	9790.61
63.5418	9790.61
64.2152	9790.61
64.8862	9790.61
65.5594	9854.89
66.2304	9854.89
66.9035	9857.18
67.5744	9854.89
68.2474	9854.89
68.9182	9854.89
69.5912	9824.23
70.2618	9824.23
70.9347	9824.23
71.6052	9762.23
72.278	9657.23
72.9485	9622.23
73.6212	9622.23
74.2916	9622.23
74.9619	9657.23
75.6344	9695.67
76.3047	9695.67
76.9771	9702.23
77.6473	9695.67
78.3173	9657.23
78.9897	9651.92
79.6597	9651.92
80.3319	9651.92
81.0018	9651.92
81.6717	9651.92
82.3438	9651.92
83.0135	9559.23
83.6832	9553.23
84.3552	9374.23
85.0248	9374.23
85.6944	9374.23
86.3639	9374.23
87.0357	9265.23
87.7051	9221.23
88.3745	9212.23
89.0438	9212.23
89.7154	9212.23
90.3847	9212.23
91.0539	9212.23
91.723	9213.23
92.3944	9221.23
93.0635	9247.23
93.7325	9292.23
94.4015	9301.23
95.0704	9301.23
95.7393	9301.23
96.4104	9292.23
97.0792	9247.23
97.7479	9213.23
98.4166	9136.23
99.0853	9030.23
99.7539	9020.23
100.422	8995.23
101.091	8995.23
101.759	8967.23
102.428	8967.23
103.098	8987.23
103.767	8987.23
104.435	8987.23
105.103	8994.23
105.772	8994.23
106.44	8994.23
107.108	8987.23
107.776	8987.23
108.444	8900.23
109.112	8900.23
109.78	8900.23
110.448	8744.23
111.115	8743.23
111.783	8718.23
112.449	8687.23
113.116	8687.23
113.784	8687.23
114.451	8687.23
115.119	8718.23
115.787	8718.23
116.454	8687.23
117.121	8628.23
117.789	8597.23
118.456	8597.23
119.121	8597.23
119.788	8465.23
120.455	8465.23
121.123	8465.23
121.79	8465.23
122.454	8465.23
123.121	8448.23
123.788	8325.23
124.455	8325.23
125.122	8325.23
125.787	8325.23
126.453	8325.23
127.12	8325.23
127.787	8325.23
128.451	8325.23
129.118	8325.23
129.784	8322.23
130.448	8257.23
131.115	8254.23
131.781	8254.23
132.448	8253.23
133.112	8223.23
133.778	8207.23
134.442	8150.23
135.108	8124.23
135.774	8118.23
136.438	8118.23
137.104	8111.23
137.77	8111.23
138.433	8118.23
139.099	8118.23
139.763	8118.23
140.429	8101.23
141.092	8096.23
141.758	8073.23
142.424	8061.23
143.087	8061.23
143.752	8028.23
144.416	7988.23
145.081	7956.23
145.744	7943.23
146.41	7942.23
147.073	7920.23
147.738	7920.23
148.401	7914.23
149.064	7896.23
149.729	7863.23
150.392	7847.23
151.057	7847.23
151.72	7847.23
152.385	7830.23
153.047	7843.23
153.71	7830.23
154.375	7843.23
155.037	7843.23
155.702	7827.23
156.364	7790.23
157.027	7770.23
157.691	7770.23
158.354	7754.23
159.016	7754.23
159.678	7723.23
160.343	7723.23
161.005	7716.23
161.667	7716.23
162.331	7700.23
162.993	7666.23
163.655	7662.23
164.317	7662.23
164.981	7662.23
165.643	7660.23
166.304	7641.23
166.966	7641.23
167.63	7641.23
168.292	7641.23
168.953	7641.23
169.615	7641.23
170.276	7635.23
170.938	7635.23
171.601	7635.23
172.263	7635.23
172.924	7641.23
173.585	7635.23
174.246	7645.23
174.907	7645.23
175.569	7645.23
176.23	7635.23
176.891	7597.23
177.552	7597.23
178.215	7580.23
178.876	7580.23
179.537	7580.23
180.197	7555.23
180.858	7555.23
181.519	7545.23
182.179	7545.23
182.84	7555.23
183.501	7555.23
184.161	7555.23
184.822	7549.23
185.482	7549.23
186.142	7534.23
186.8	7534.23
187.461	7549.23
188.121	7549.23
188.781	7549.23
189.441	7549.23
190.101	7549.23
190.762	7537.23
191.422	7537.23
192.081	7543.23
192.741	7569.23
193.399	7576.23
194.059	7576.23
194.719	7576.23
195.378	7602.23
196.038	7608.23
196.698	7636.23
197.355	7636.23
198.015	7636.23
198.674	7636.23
199.334	7664.23
199.991	7676.23
200.65	7676.23
201.31	7664.23
201.969	7651.23
202.626	7636.23
203.285	7580.23
203.944	7580.23
204.603	7584.23
205.26	7651.23
205.919	7651.23
206.578	7651.23
207.235	7651.23
207.894	7651.23
208.553	7664.23
209.209	7683.23
209.868	7688.23
210.524	7688.23
211.183	7687.23
211.842	7688.23
212.498	7698.23
213.156	7698.23
213.813	7688.23
214.471	7687.23
215.13	7687.23
215.786	7687.23
216.444	7687.23
217.1	7687.23
217.758	7692.23
218.414	7692.23
219.072	7669.23
219.728	7662.23
220.386	7669.23
221.042	7682.23
221.7	7682.23
222.355	7682.23
223.013	7682.23
223.669	7682.23
224.324	7680.23
224.982	7680.23
225.637	7680.23
226.295	7682.23
226.95	7684.23
227.606	7682.23
228.263	7680.23
228.918	7680.23
229.573	7680.23
230.231	7672.23
230.886	7671.23
231.543	7672.23
232.198	7672.23
232.853	7710.23
233.508	7672.23
234.165	7672.23
234.82	7710.23
235.475	7712.23
236.132	7766.23
236.786	7824.23
237.441	7824.23
238.095	7844.23
238.752	7844.23
239.407	7844.23
240.061	7844.23
240.715	7890.23
241.37	7898.23
242.026	7898.23
242.681	7900.23
243.335	7900.23
243.989	7951.23
244.643	7975.23
245.297	8017.23
245.951	8023.23
246.607	8028.23
247.261	8032.23
247.915	8032.23
248.569	8023.23
249.223	8023.23
249.877	8045.23
250.53	8045.23
251.184	8052.23
251.838	8105.23
252.491	8105.23
253.145	8105.23
253.798	8103.23
254.452	8103.23
255.105	8106.23
255.759	8109.23
256.412	8106.23
257.065	8109.23
257.719	8109.23
258.372	8116.23
259.025	8116.23
259.678	8116.23
260.331	8109.23
260.984	8109.23
261.637	8116.23
262.29	8104.23
262.943	8104.23
263.596	8116.23
264.246	8185.23
264.899	8195.23
265.552	8195.23
266.204	8212.23
266.857	8248.23
267.509	8266.23
268.16	8266.23
268.812	8266.23
269.465	8297.23
270.117	8332.23
270.769	8332.23
271.419	8332.23
272.072	8332.23
272.724	8332.23
273.376	8332.23
274.026	8308.23
274.678	8308.23
275.33	8332.23
275.982	8372.23
276.632	8372.23
277.284	8372.23
277.935	8381.23
278.585	8381.23
279.237	8425.23
279.889	8435.23
280.538	8472.23
281.19	8474.23
281.841	8478.23
282.491	8481.23
283.142	8492.23
283.791	8492.23
284.443	8512.23
285.094	8528.23
285.743	8528.23
286.394	8557.23
287.043	8558.23
287.695	8578.23
288.343	8598.23
288.995	8620.23
289.643	8620.23
290.294	8624.23
290.943	8624.23
291.594	8624.23
292.243	8624.23
292.894	8624.23
293.542	8618.23
294.193	8524.23
294.841	8509.23
295.492	8480.23
296.14	8449.23
296.789	8428.23
297.439	8428.23
298.088	8381.23
298.738	8381.23
299.386	8381.23
300.034	8428.23
300.685	8428.23
301.333	8506.23
301.981	8613.23
302.631	8674.23
303.279	8712.23
303.927	8781.23
304.577	8878.23
305.224	8878.23
305.872	8882.23
306.522	8891.23
307.17	8882.23
307.817	8891.23
308.465	8891.23
309.114	8891.23
309.762	8889.23
310.409	8889.23
311.057	8889.23
311.704	8889.23
312.354	8906.23
313.001	8906.23
313.648	8906.23
314.295	8912.23
314.942	8912.23
315.592	8920.23
316.239	8927.23
316.886	8988.23
317.532	9010.23
318.179	9029.23
318.826	9029.23
319.473	9051.23
320.12	9052.23
320.766	9052.23
321.413	9078.23
322.06	9078.23
322.709	9082.23
323.355	9102.23
324.002	9102.23
324.648	9102.23
325.294	9119.23
325.941	9119.23
326.587	9119.23
327.233	9135.23
327.88	9138.23
328.526	9138.23
329.17	9146.23
329.816	9215.23
330.462	9256.23
331.108	9282.23
331.754	9282.23
332.4	9287.23
333.046	9319.23
333.692	9331.23
334.337	9357.23
334.983	9361.23
335.629	9372.23
336.272	9396.23
336.918	9430.23
337.564	9441.23
338.209	9449.23
338.855	9498.23
339.498	9526.23
340.143	9529.23
340.789	9534.23
341.434	9558.23
342.079	9558.23
342.722	9558.23
343.367	9559.23
344.012	9561.23
344.658	9618.23
345.3	9658.23
345.945	9684.23
346.59	9674.23
347.233	9674.23
347.878	9684.23
348.523	9738.23
349.165	9738.23
349.81	9754.23
350.455	9754.23
351.097	9770.23
351.742	9805.23
352.386	9810.23
353.029	9831.23
353.673	9836.23
354.315	9850.23
354.96	9850.23
355.604	9850.23
356.246	9932.23
356.891	9932.23
357.533	9947.23
358.177	10050.2
358.819	10066.2
359.463	10076.2
360.105	10076.2
360.749	10104.2
361.39	10156.2
362.034	10180.2
362.676	10208.2
363.32	10218.2
363.961	10221.2
364.605	10238.2
365.247	10238.2
365.888	10221.2
366.532	10221.2
367.173	10239.2
367.817	10239.2
368.458	10285.2
369.099	10297.2
369.742	10285.2
370.384	10285.2
371.025	10297.2
371.668	10332.2
372.309	10344.2
372.95	10352.2
373.593	10352.2
374.234	10363.2
374.875	10363.2
375.518	10363.2
376.159	10508.2
376.799	10537.2
377.44	10550.2
378.083	10550.2
378.723	10550.2
379.364	10564.2
380.004	10613.2
380.647	10648.2
381.288	10656.2
381.928	10674.2
382.568	10683.2
383.209	10719.2
383.849	10716.2
384.491	10683.2
385.131	10716.2
385.771	10754.2
386.411	10770.2
387.052	10824.2
387.692	10850.2
388.331	10892.2
388.971	10892.2
389.611	10898.2
390.253	10898.2
390.893	10915.2
391.533	10985.2
392.172	11028.2
392.812	11032.2
393.452	11036.2
394.091	11060.2
394.731	11060.2
395.37	11080.2
396.01	11095.2
396.649	11096.2
397.288	11096.2
397.928	11096.2
398.567	11095.2
399.204	11103.2
399.843	11150.2
400.482	11260.2
401.121	11265.2
401.76	11265.2
402.399	11288.2
403.038	11288.2
403.677	11307.2
404.316	11307.2
404.953	11317.2
405.591	11330.2
406.23	11365.2
406.869	11365.2
407.507	11343.2
408.146	11375.2
408.782	11436.2
409.421	11436.2
410.059	11446.2
410.698	11446.2
411.334	11462.2
411.972	11522.2
412.611	11547.2
413.249	11548.2
413.885	11549.2
414.523	11608.2
415.161	11608.2
415.797	11639.2
416.435	11644.2
417.073	11677.2
417.709	11686.2
418.347	11708.2
418.985	11708.2
419.62	11722.2
420.258	11747.2
420.896	11762.2
421.531	11762.2
422.169	11762.2
422.804	11764.2
423.442	11764.2
424.077	11806.2
424.715	11900.2
425.352	11900.2
425.987	11900.2
426.625	11909.2
427.26	11918.2
427.897	11911.2
428.532	11918.2
429.169	11924.2
429.804	11942.2
430.442	11942.2
431.076	12026.2
431.711	12089.2
432.348	12116.2
432.983	12122.2
433.62	12125.2
434.254	12142.2
434.891	12209.2
435.526	12255.2
436.16	12255.2
436.797	12291.2
437.431	12326.2
438.066	12329.2
438.702	12339.2
439.337	12377.2
439.971	12420.2
440.607	12466.2
441.242	12466.2
441.876	12466.2
442.512	12476.2
443.146	12476.2
443.78	12476.2
444.414	12548.2
445.05	12548.2
445.684	12574.2
446.318	12574.2
446.952	12574.2
447.588	12574.2
448.221	12603.2
448.855	12603.2
449.489	12620.2
450.122	12648.1
450.758	12706
451.392	12708.6
452.025	12715.2
452.659	12773.8
453.292	12818.8
453.925	12872.4
454.559	12884.9
455.192	12898.3
455.827	12928.1
456.46	12928.1
457.093	12935.4
457.727	12935.4
458.36	12935.4
458.993	12935.4
459.626	12935.5
460.258	12935.5
460.891	12944.4
461.524	12993.7
462.157	12993.7
462.79	12993.7
463.422	12993.7
464.055	12959.1
464.688	12993.7
465.32	12994.6
465.953	13023.2
466.585	13023.2
467.216	13047.6
467.848	13047.6
468.48	13047.6
469.113	13047.6
469.745	13028.7
470.377	13047.6
471.009	13047.6
471.642	13070.9
472.271	13047.6
472.904	13028.7
473.536	13013.9
474.168	13006.1
474.799	12954.7
475.429	12954.7
476.061	12954.7
476.693	12946
477.325	12936.8
477.956	12900.9
478.586	12896.2
479.218	12896.2
479.849	12875.1
480.479	12875.1
481.11	12896.2
481.742	12896.2
482.373	12876.7
483.002	12876.7
483.634	12876.7
484.265	12905.6
484.894	12925.1
485.525	12925.1
486.154	12905.6
486.785	12905.6
487.416	12876.7
488.045	12782.9
488.676	12756.7
489.305	12687.8
489.936	12670.6
490.567	12552.8
491.196	12491.3
491.826	12485.4
492.455	12473.5
493.086	12451.3
493.714	12362.9
494.345	12360
494.973	12296
495.604	12261.4
496.232	12128.9
496.863	11992.3
497.491	11904.6
498.121	11896.6
498.749	11665.8
499.378	11662.7
500.008	11649.4
500.636	11533.8
501.266	11526.7
501.894	11314.6
502.522	11289
503.152	11162.8
503.78	10949.4
504.408	10914
505.037	10878.2
505.665	10688.2
506.293	10662.3
506.923	10465.9
507.55	10465.8
508.178	10380
508.807	10330
509.435	10316.8
510.062	10258.1
510.69	10169.7
511.319	10164.4
511.946	9877.61
512.574	9851.87
513.201	9737.39
513.828	9715.92
514.457	9653.37
515.084	9625.1
515.711	9522.97
516.338	9464.66
516.965	9436.36
517.592	9349.03
518.221	9281.03
518.848	9115.89
519.475	9092.2
520.102	9075.01
520.728	9027.3
521.355	8989.2
521.982	8938.16
522.608	8807.43
523.235	8786.14
523.861	8628.46
524.488	8613.82
525.114	8574.53
525.741	8473.08
526.367	8434.36
526.993	8409.76
527.619	8324.45
528.246	8306.38
528.872	8264.47
529.498	8253.09
530.124	8210.25
530.75	8200.64
531.376	8103.44
532.002	8074.33
532.628	8054.06
533.254	8029.26
533.88	7952.78
534.505	7939.82
535.131	7939.41
535.755	7878.1
536.38	7878.1
537.006	7778.67
537.632	7747.14
538.257	7741.85
538.883	7741.85
539.506	7741.85
540.131	7741.85
540.757	7726.78
541.382	7707.62
542.005	7700.76
542.63	7672.73
543.256	7637.3
543.881	7524.7
544.504	7508.79
545.129	7499.78
545.754	7493.48
546.379	7435.03
547.002	7433.09
547.627	7433.09
548.251	7433.09
548.874	7390.23
549.499	7375.77
550.121	7371.52
550.746	7375.77
551.371	7343.96
551.993	7343.96
552.618	7340.99
553.242	7340.99
553.865	7328.01
554.489	7322.6
555.112	7322.6
555.736	7319.48
556.358	7265.51
556.982	7265.51
557.604	7226.23
558.229	7212.58
558.851	7189.94
559.475	7196.86
560.097	7180.46
560.721	7180.46
561.343	7194.51
561.967	7194.51
562.588	7186.67
563.212	7194.51
563.834	7186.67
564.456	7186.67
565.079	7186.67
565.701	7194.51
566.325	7186.67
566.946	7186.67
567.568	7145.14
568.191	7126.44
568.812	7126.44
569.434	7126.44
570.057	7126.44
570.678	7126.44
571.3	7126.44
571.923	7107.52
572.544	7064.9
573.165	7062.08
573.786	7090.78
574.409	7090.78
575.03	7062.08
575.651	7058.67
576.272	7058.67
576.895	7054.64
577.516	7048.35
578.136	7038.77
578.757	7048.35
579.378	7038.77
580	7032.72
580.621	7023.64
581.242	7023.64
581.862	7008.68
582.483	6991.29
583.103	6986.9
583.723	6986.9
584.344	6986.9
584.964	6974.14
585.586	6951.93
586.207	6951.93
586.827	6951.93
587.447	6951.93
588.067	6942.9
588.687	6942.9
589.307	6916.37
589.927	6897.67
590.547	6866.49
591.167	6848.52
591.787	6841.34
592.406	6841.34
593.026	6827.23
593.646	6827.23
594.265	6823.45
594.885	6820.09
595.503	6812.72
596.122	6804.8
596.742	6804.8
597.361	6804.8
597.98	6789.96
598.6	6782.13
599.219	6776.66
599.839	6776.66
600.456	6761.54
601.075	6745.2
601.694	6726.96
602.313	6706.22
602.932	6677.7
603.551	6656.63
604.168	6656.63
604.787	6648.94
605.406	6648.94
606.025	6648.94
606.642	6620.4
607.261	6607.78
607.879	6592.41
608.496	6562.85
609.115	6554.47
609.733	6554.47
610.352	6541.91
610.968	6541.91
611.587	6541.91
612.205	6531.75
612.822	6524.32
613.44	6519.09
614.056	6519.09
614.675	6478.42
615.293	6460.93
615.909	6460.93
616.527	6460.93
617.143	6460.93
617.761	6452.98
618.379	6420.59
618.995	6418.29
619.613	6403.37
620.229	6391.25
620.847	6417.54
621.463	6417.54
622.081	6369.31
622.696	6366.02
623.314	6315.34
623.93	6315.34
624.545	6315.34
625.163	6366.02
625.778	6301.1
626.396	6301.1
627.011	6301.1
627.629	6272.13
628.244	6250.36
628.859	6250.36
629.476	6253.12
630.092	6253.12
630.707	6253.12
631.324	6243.46
631.939	6243.46
632.554	6243.46
633.171	6253.12
633.786	6253.84
634.401	6253.84
635.018	6255.23
635.633	6255.23
636.247	6258.82
636.862	6258.82
637.479	6258.82
638.094	6258.82
638.708	6258.82
639.323	6255.23
639.939	6255.23
640.554	6247.12
641.168	6247.12
641.783	6224.77
642.397	6224.77
643.011	6222.03
643.628	6222.03
644.242	6214.85
644.856	6214.85
644.938	6205.77
645.561	6205.77
646.184	6205.77
646.804	6185.77
647.427	6184.77
648.047	6116.77
648.67	6065.77
649.292	6048.77
649.913	6022.77
650.535	6018.77
651.155	6012.77
651.778	6012.77
652.398	6012.77
653.02	6012.77
653.64	6018.77
654.262	6018.77
654.882	6036.77
655.505	6040.77
656.124	6081.77
656.746	6093.77
657.366	6095.77
657.988	6095.77
658.608	6095.77
659.23	6115.77
659.85	6129.77
660.471	6123.77
661.091	6139.77
661.71	6123.77
662.332	6139.77
662.952	6174.77
663.573	6174.77
664.193	6174.77
664.812	6174.77
665.433	6174.77
666.053	6123.77
666.672	6120.77
667.293	6120.77
667.912	6105.77
668.531	6090.77
669.15	6071.77
669.772	6068.77
670.391	6056.77
671.009	6056.77
671.63	6056.77
672.249	6037.77
672.868	6046.77
673.487	6046.77
674.106	6046.77
674.727	6068.77
675.345	6090.77
675.964	6090.77
676.582	6090.77
677.201	6091.77
677.821	6090.77
678.44	6090.77
679.058	6091.77
679.677	6095.77
680.295	6095.77
680.913	6095.77
681.532	6109.77
682.15	6109.77
682.768	6130.77
683.388	6130.77
684.006	6140.77
684.624	6140.77
685.242	6155.77
685.86	6155.77
686.478	6164.77
687.096	6169.77
687.714	6169.77
688.332	6169.77
688.949	6155.77
689.567	6169.77
690.185	6180.77
690.802	6180.77
691.42	6180.77
692.038	6180.77
692.655	6180.77
693.27	6169.77
693.888	6144.77
694.505	6162.77
695.122	6116.77
695.74	6162.77
696.357	6162.77
696.974	6116.77
697.591	6116.77
698.209	6162.77
698.824	6169.77
699.441	6171.77
700.058	6194.77
700.675	6205.77
701.292	6211.77
701.906	6213.77
702.523	6213.77
703.14	6213.77
703.757	6213.77
704.373	6213.77
704.988	6219.77
705.605	6227.77
706.221	6227.77
706.836	6227.77
707.452	6211.77
708.069	6194.77
708.685	6184.77
709.299	6184.77
709.916	6184.77
710.532	6184.77
711.146	6184.77
711.763	6184.77
712.379	6184.77
712.993	6217.52
713.609	6219.51
714.223	6222.33
714.839	6224.13
715.455	6224.13
716.069	6224.13
716.685	6229.14
717.298	6231.75
717.914	6237.25
718.528	6240.01
719.144	6242.69
719.757	6271.77
720.373	6271.77
720.989	6271.77
721.602	6274.77
722.215	6281.77
722.831	6303.77
723.444	6312.77
724.06	6303.77
724.673	6303.77
725.288	6302.77
725.902	6302.77
726.517	6303.77
727.13	6303.77
727.743	6311.77
728.358	6311.77
728.971	6303.77
729.586	6311.77
730.199	6311.77
730.812	6355.77
731.427	6355.77
732.04	6367.77
732.652	6376.77
733.267	6376.77
733.88	6385.77
734.493	6396.77
735.107	6396.77
735.72	6448.77
736.332	6448.77
736.945	6448.77
737.559	6396.77
738.172	6396.77
738.784	6396.77
739.396	6443.77
740.011	6459.77
740.623	6443.77
741.235	6443.77
741.847	6466.77
742.459	6443.77
743.071	6443.77
743.686	6443.77
744.297	6443.77
744.909	6434.77
745.521	6426.77
746.133	6426.77
746.745	6426.77
747.357	6434.77
747.969	6434.77
748.582	6434.77
749.194	6479.77
749.806	6512.77
750.417	6547.77
751.029	6547.77
751.64	6563.77
752.252	6563.77
752.863	6566.77
753.474	6604.77
754.086	6604.77
754.697	6617.77
755.308	6604.77
755.92	6604.77
756.531	6604.77
757.142	6575.77
757.753	6604.77
758.364	6601.77
758.975	6619.77
759.584	6619.77
760.195	6619.77
760.806	6619.77
761.417	6607.77
762.027	6619.77
762.638	6628.77
763.249	6628.77
763.86	6710.77
764.468	6710.77
765.079	6718.77
765.689	6719.77
766.3	6719.77
766.91	6747.77
767.519	6747.77
768.129	6771.77
768.739	6747.77
769.35	6789.77
769.96	6789.77
770.568	6794.77
771.178	6805.77
771.789	6821.77
772.397	6830.77
773.007	6830.77
773.617	6830.77
774.227	6830.77
774.835	6805.77
775.445	6830.77
776.054	6834.77
776.662	6836.77
777.272	6849.77
777.88	6849.77
778.489	6871.77
779.099	6875.77
779.707	6875.77
780.316	6927.77
780.924	6932.77
781.533	6932.77
782.143	6932.77
782.75	6932.77
783.359	6937.77
783.967	6949.77
784.576	6953.77
785.183	6954.77
785.793	6965.77
786.4	6965.77
787.009	6965.77
787.616	6965.77
788.225	6984.77
788.832	6991.77
789.441	6991.77
790.048	7004.77
790.655	7024.77
791.263	7024.77
791.87	7004.77
792.479	7004.77
793.086	7004.77
793.692	7024.77
794.301	7024.77
794.908	7041.77
795.516	7097.77
796.123	7111.77
796.729	7111.77
797.338	7111.77
797.944	7111.77
798.55	7113.77
799.157	7113.77
799.765	7120.77
800.371	7120.77
800.977	7120.77
801.585	7113.77
802.192	7113.77
802.798	7083.77
803.404	7083.77
804.01	7083.77
804.618	7113.77
805.223	7083.77
805.829	7119.77
806.435	7083.77
807.041	7083.77
807.649	7116.77
808.254	7119.77
808.86	7121.77
809.466	7136.77
810.071	7121.77
810.677	7119.77
811.282	7116.77
811.888	7121.77
812.493	7116.77
813.1	7116.77
813.706	7103.77
814.311	7100.77
814.916	7066.77
815.521	7066.77
816.127	7060.77
816.732	7060.77
817.337	7060.77
817.942	7060.77
818.547	7048.34
819.152	7048.34
819.757	7048.34
820.362	7052.64
820.967	7052.64
821.571	7048.34
822.176	7044.19
822.779	7044.19
823.383	7041.57
823.988	7027.75
824.593	6957.64
825.197	6995.32
825.802	6921.46
826.406	6933.42
827.011	6933.42
827.613	6921.46
828.217	6921.46
828.822	6921.46
829.426	6921.46
830.03	6864.12
830.635	6860.75
831.237	6837.48
831.841	6827.65
832.445	6827.65
833.049	6814.13
833.651	6796.83
834.255	6789.91
834.859	6769.73
835.463	6765.7
836.064	6744.26
836.668	6716.4
837.272	6722.45
837.874	6722.45
838.477	6716.4
839.081	6703.69
839.683	6707.42
840.286	6707.42
840.89	6703.69
841.491	6707.42
842.095	6716.4
842.696	6707.42
843.299	6709.66
843.903	6707.87
844.504	6707.87
845.107	6709.66
845.708	6709.66
846.312	6709.66
846.913	6709.66
847.516	6722.44
848.117	6734.43
848.72	6725.98
849.321	6734.43
849.924	6739.38
850.524	6763.38
851.127	6791.45
851.728	6791.45
852.331	6791.45
852.932	6791.45
853.534	6768.09
854.135	6768.09
854.738	6768.09
855.338	6768.09
855.939	6803.34
856.541	6768.09
857.141	6768.09
857.742	6760.94
858.344	6760.94
858.945	6763.67
859.545	6763.67
860.147	6783.17
860.747	6783.17
861.347	6783.17
861.95	6807.44
862.55	6807.44
863.15	6809.35
863.75	6845.18
864.352	6845.18
864.952	6861.9
865.551	6893.63
866.151	6893.63
866.753	6893.63
867.353	6913.01
867.952	6916.62
868.552	6917.75
869.152	6924.2
869.753	6924.2
870.353	6917.75
870.952	6917.75
871.552	6917.75
872.151	6924.94
872.751	6956.76
873.35	6961.4
873.952	6967.2
874.551	6971.14
875.15	6973.7
875.749	6973.7
876.348	7031.65
876.947	7036.85
877.547	7042.22
878.146	7049.56
878.745	7049.56
879.344	7042.22
879.942	7059.51
880.541	7072.2
881.14	7077.8
881.739	7080.4
882.338	7077.8
882.937	7077.8
883.535	7072.2
884.134	7072.2
884.732	7080.4
885.331	7114.99
885.927	7124.89
886.526	7138.53
887.124	7157.73
887.723	7163.74
888.321	7171.79
888.92	7171.79
889.518	7191.38
890.116	7199.25
890.712	7199.25
891.31	7191.38
891.909	7199.25
892.507	7199.25
893.105	7175.77
893.701	7199.25
894.299	7199.25
894.897	7245.27
895.495	7249.8
896.09	7249.8
896.688	7280.1
897.286	7282.69
897.882	7287.05
898.479	7325.48
899.077	7300.21
899.675	7325.48
900.27	7325.48
900.868	7331.01
901.465	7331.01
902.061	7331.01
902.658	7337.68
903.254	7415.28
903.851	7415.28
904.448	7415.28
905.043	7365.62
905.641	7407.91
906.236	7407.91
906.833	7407.91
907.43	7365.62
908.025	7353.63
908.622	7365.62
909.217	7365.62
909.814	7353.63
910.409	7345.71
911.006	7345.4
911.601	7345.4
912.198	7340.09
912.792	7340.09
913.387	7340.09
913.984	7380.35
914.578	7413.51
915.175	7420.1
915.769	7435.33
916.366	7465.24
916.961	7514.36
917.555	7516.27
918.151	7534.36
918.746	7540.97
919.34	7564.82
919.936	7564.82
920.531	7564.82
921.125	7543.25
921.721	7564.82
922.315	7581.27
922.909	7581.27
923.505	7581.27
924.099	7603.83
924.693	7604.06
925.289	7604.06
925.883	7604.06
926.477	7611
927.071	7612.4
927.664	7625.27
928.26	7645.15
928.854	7653.73
929.448	7657.46
930.041	7657.94
930.635	7685.42
931.23	7705.8
931.824	7705.8
932.417	7705.8
933.011	7709.1
933.604	7705.8
934.197	7705.8
934.791	7709.1
935.384	7732.63
935.977	7789.18
936.572	7773.11
937.166	7773.11
937.759	7754.1
938.352	7754.1
938.945	7754.1
939.538	7773.11
940.131	7789.48
940.724	7773.11
941.316	7773.11
941.909	7773.11
942.502	7773.11
943.095	7789.48
943.688	7803.66
944.28	7817
944.871	7833.68
945.463	7833.68
946.056	7833.68
946.649	7833.68
947.241	7833.68
947.834	7841.59
948.426	7860.7
949.018	7861.87
949.611	7861.87
950.201	7861.87
950.793	7861.87
951.385	7861.87
951.978	7861.87
952.57	7897.77
953.16	7901.29
953.752	7901.29
954.344	7897.77
954.936	7897.77
955.528	7897.77
956.118	7901.29
956.71	7915.49
957.302	7915.49
957.891	7915.7
958.483	7923.8
959.075	7931.48
959.666	7931.48
960.256	7931.48
960.848	7953.97
961.439	7955.65
962.029	7993.16
962.62	8022.22
963.21	8024.72
963.801	8034.13
964.392	8034.13
964.982	8034.13
965.573	8050.29
966.162	8054.41
966.753	8059.31
967.345	8067.57
967.934	8075.2
968.525	8075.2
969.114	8077.71
969.705	8077.71
970.294	8092.91
970.885	8095.14
971.474	8097.04
972.065	8110.34
972.654	8116.17
973.244	8139.79
973.833	8139.79
974.422	8153.15
975.012	8153.15
975.601	8169.67
976.192	8207.75
976.78	8222.45
977.369	8222.45
977.959	8233.34
978.548	8246.96
979.138	8233.34
979.726	8233.34
980.315	8246.96
980.905	8246.96
981.493	8247.46
982.082	8265.1
982.67	8272.82
983.26	8272.82
983.848	8272.82
984.436	8265.1
985.026	8249.55
985.614	8249.55
986.202	8265.1
986.79	8302.27
987.378	8302.27
987.968	8308.44
988.555	8302.27
989.143	8288.49
989.731	8288.49
990.318	8325.63
990.908	8371
991.496	8371.19
992.083	8386.62
992.671	8386.62
993.258	8371.19
993.846	8398.74
994.433	8398.74
995.021	8399.39
995.608	8405.84
996.197	8417.54
996.784	8430.85
997.372	8434.18
997.959	8436.67
998.546	8436.67
999.133	8436.67
999.72	8436.67
1000.31	8436.67
1000.89	8448.2
1001.48	8448.2
1002.07	8448.93
1002.65	8448.93
1003.24	8448.93
1003.83	8434.91
1004.41	8434.91
1005	8436.36
1005.59	8436.36
1006.17	8436.36
1006.76	8436.36
1007.35	8425.31
1007.93	8425.31
1008.52	8422.63
1009.1	8393.24
1009.69	8393.24
1010.28	8401.78
1010.86	8393.24
1011.45	8393.24
1012.04	8355.31
1012.62	8355.31
1013.21	8391.86
1013.79	8393.24
1014.38	8401.78
1014.96	8440.77
1015.55	8456.4
1016.13	8500.73
1016.72	8524.66
1017.3	8560.56
1017.89	8584.03
1018.48	8591.4
1019.06	8615.55
1019.65	8651.08
1020.23	8651.08
1020.82	8655.67
1021.4	8655.67
1021.99	8655.67
1022.57	8655.67
1023.16	8655.67
1023.74	8651.08
1024.32	8651.08
1024.91	8657.24
1025.49	8651.08
1026.08	8657.24
1026.66	8657.24
1027.25	8645.26
1027.83	8640.07
1028.42	8619.65
1029	8640.07
1029.58	8645.26
1030.17	8645.26
1030.75	8645.26
1031.34	8645.26
1031.92	8649.2
1032.5	8649.2
1033.09	8653.21
1033.67	8661.96
1034.25	8661.96
1034.84	8661.96
1035.42	8661.96
1036	8661.96
1036.59	8665.52
1037.17	8682.09
1037.76	8690.94
1038.34	8697.68
1038.92	8697.68
1039.51	8697.68
1040.09	8704.24
1040.67	8767.07
1041.25	8779.35
1041.84	8775.03
1042.42	8779.35
1043	8779.35
1043.59	8779.35
1044.17	8812.05
1044.75	8812.05
1045.33	8831.41
1045.91	8831.41
1046.5	8812.05
1047.08	8831.41
1047.66	8831.41
1048.24	8886.1
1048.83	8900.64
1049.41	8886.1
1049.99	8886.1
1050.57	8886.1
1051.16	8874.25
1051.74	8900.64
1052.32	8915.47
1052.9	8920.99
1053.48	8921.08
1054.06	8921.08
1054.65	8920.99
1055.23	8874.25
1055.81	8890.47
1056.39	8921.08
1056.97	8921.08
1057.55	8940.49
1058.13	8940.49
1058.71	8956.31
1059.3	9001.84
1059.88	8956.31
1060.46	9001.84
1061.04	9001.84
1061.62	9013.63
1062.2	9021.3
1062.78	9028.88
1063.36	9042.53
1063.94	9042.53
1064.53	9051.21
1065.11	9051.21
1065.69	9051.21
1066.27	9051.21
1066.63	8961.21
1067.22	8961.21
1067.81	8901.21
1068.39	8999.22
1068.98	9006.39
1069.57	9014.38
1070.15	9022.38
1070.74	9029.7
1071.33	9036.53
1071.92	9043.37
1072.5	9050.72
1073.09	9057.84
1073.68	9064.6
1074.26	8890.21
1074.85	8945.21
1075.44	9025.21
1076.02	9037.21
1076.61	9053.21
1077.19	9105.21
1077.78	9105.21
1078.36	9125.21
1078.95	9127.21
1079.54	9127.21
1080.12	9139.21
1080.71	9148.21
1081.3	9139.21
1081.88	9139.21
1082.47	9139.21
1083.05	9139.21
1083.64	9148.21
1084.22	9179.21
1084.81	9179.21
1085.39	9179.21
1085.98	9185.21
1086.57	9218.21
1087.15	9218.21
1087.73	9227.21
1088.32	9259.21
1088.91	9260.21
1089.49	9272.21
1090.07	9280.21
1090.66	9294.21
1091.25	9321.21
1091.83	9321.21
1092.41	9344.21
1093	9353.21
1093.58	9376.21
1094.17	9376.21
1094.75	9408.21
1095.34	9410.21
1095.92	9418.21
1096.51	9418.21
1097.09	9433.21
1097.67	9433.21
1098.26	9458.21
1098.84	9458.21
1099.43	9464.21
1100.01	9464.21
1100.59	9494.21
1101.18	9494.21
1101.76	9497.21
1102.35	9503.21
1102.93	9526.21
1103.51	9566.21
1104.1	9566.21
1104.68	9566.21
1105.26	9566.21
1105.85	9566.21
1106.43	9581.21
1107.01	9597.21
1107.6	9621.21
1108.18	9708.21
1108.76	9708.21
1109.35	9717.21
1109.93	9717.21
1110.51	9724.21
1111.09	9717.21
1111.68	9717.21
1112.26	9778.21
1112.84	9778.21
1113.42	9778.21
1114.01	9806.21
1114.59	9821.21
1115.17	9822.21
1115.76	9821.21
1116.34	9806.21
1116.92	9806.21
1117.5	9821.21
1118.08	9824.21
1118.67	9824.21
1119.25	9902.21
1119.83	9904.21
1120.41	9904.21
1120.99	9902.21
1121.58	9902.21
1122.16	9913.21
1122.74	9939.21
1123.32	9986.21
1123.9	9939.21
1124.49	9902.21
1125.07	9939.21
1125.65	9939.21
1126.23	9902.21
1126.81	9939.21
1127.39	10001.2
1127.97	10001.2
1128.55	9956.21
1129.14	10002.2
1129.72	10002.2
1130.3	10013.2
1130.88	10013.2
1131.46	10013.2
1132.04	10013.2
1132.62	10017.2
1133.2	10023.2
1133.78	10023.2
1134.36	10023.2
1134.94	10023.2
1135.52	10023.2
1136.1	10017.2
1136.68	10005.2
1137.26	10012.2
1137.84	9977.21
1138.43	9962.21
1139.01	9962.21
1139.59	9954.21
1140.17	9936.21
1140.75	9954.21
1141.33	9962.21
1141.91	9962.21
1142.49	9962.21
1143.06	9962.21
1143.64	9962.21
1144.22	9962.21
1144.8	10007.2
1145.38	10018.2
1145.96	10051.2
1146.54	10051.2
1147.12	10065.2
1147.7	10051.2
1148.28	10040.2
1148.86	10022.2
1149.44	10040.2
1150.02	10040.2
1150.6	10078.2
1151.18	10078.2
1151.75	10068.2
1152.33	10068.2
1152.91	10078.2
1153.49	10081.2
1154.07	10100.2
1154.65	10100.2
1155.23	10108.2
1155.81	10100.2
1156.38	10081.2
1156.96	10108.2
1157.54	10112.2
1158.12	10112.2
1158.7	10108.2
1159.28	10071.2
1159.85	10062.2
1160.43	10062.2
1161.01	10071.2
1161.59	10062.2
1162.17	10062.2
1162.74	10062.2
1163.32	10062.2
1163.9	10062.2
1164.48	10073.2
1165.06	10074.2
1165.63	10094.2
1166.21	10131.2
1166.79	10131.2
1167.36	10094.2
1167.94	10094.2
1168.52	10074.2
1169.1	10089.2
1169.67	10089.2
1170.25	10089.2
1170.83	10089.2
1171.41	10073.2
1171.98	10073.2
1172.56	10039.2
1173.14	10039.2
1173.71	10073.2
1174.29	10073.2
1174.87	10073.2
1175.44	10068.2
1176.02	10062.2
1176.6	10050.2
1177.17	10050.2
1177.75	10050.2
1178.32	10025.2
1178.9	10025.2
1179.48	10025.2
1180.05	10025.2
1180.63	9990.21
1181.2	9965.21
1181.78	9937.21
1182.36	9937.21
1182.93	9965.21
1183.51	9965.21
1184.08	9902.21
1184.66	9893.21
1185.23	9882.21
1185.81	9839.21
1186.39	9830.21
1186.96	9830.21
1187.54	9830.21
1188.11	9830.21
1188.69	9830.21
1189.26	9830.21
1189.84	9872.21
1190.41	9882.21
1190.99	9883.21
1191.56	9883.21
1192.14	9883.21
1192.71	9926.21
1193.29	9926.21
1193.86	9926.21
1194.44	9883.21
1195.01	9820.21
1195.59	9820.21
1196.16	9820.21
1196.74	9819.21
1197.31	9817.21
1197.88	9819.21
1198.46	9820.21
1199.03	9820.21
1199.61	9830.21
1200.18	9834.21
1200.76	9834.21
1201.33	9871.21
1201.91	9834.21
1202.48	9830.21
1203.05	9830.21
1203.63	9834.21
1204.2	9830.21
1204.77	9831.21
1205.35	9817.21
1205.92	9776.21
1206.5	9776.21
1207.07	9781.21
1207.64	9781.21
1208.22	9817.21
1208.79	9818.21
1209.36	9818.21
1209.93	9781.21
1210.51	9818.21
1211.08	9781.21
1211.65	9781.21
1212.23	9781.21
1212.8	9757.21
1213.37	9757.21
1213.95	9710.21
1214.52	9710.21
1215.09	9710.21
1215.66	9748.21
1216.24	9749.21
1216.81	9749.21
1217.38	9749.21
1217.96	9749.21
1218.53	9748.21
1219.1	9749.21
1219.67	9748.21
1220.24	9749.21
1220.82	9749.21
1221.39	9753.21
1221.96	9729.21
1222.53	9704.21
1223.11	9680.21
1223.68	9677.21
1224.25	9680.21
1224.82	9680.21
1225.39	9680.21
1225.96	9695.21
1226.54	9684.21
1227.11	9695.21
1227.68	9684.21
1228.25	9684.21
1228.82	9684.21
1229.39	9684.21
1229.96	9684.21
1230.54	9639.21
1231.11	9603.21
1231.68	9603.21
1232.25	9582.21
1232.82	9580.21
1233.39	9578.21
1233.96	9573.21
1234.53	9573.21
1235.1	9573.21
1235.67	9573.21
1236.24	9573.21
1236.81	9573.21
1237.38	9577.21
1237.96	9573.21
1238.53	9573.21
1239.1	9573.21
1239.67	9573.21
1240.24	9577.21
1240.81	9581.21
1241.38	9593.21
1241.95	9593.21
1242.52	9593.21
1243.09	9593.21
1243.66	9593.21
1244.23	9593.21
1244.8	9595.21
1245.37	9606.21
1245.94	9606.21
1246.51	9595.21
1247.08	9597.21
1247.65	9597.21
1248.22	9566.21
1248.78	9566.21
1249.35	9569.21
1249.92	9569.21
1250.49	9597.21
1251.06	9569.21
1251.63	9569.21
1252.2	9597.21
1252.77	9597.21
1253.34	9598.21
1253.91	9598.21
1254.48	9598.21
1255.04	9598.21
1255.61	9572.21
1256.18	9566.21
1256.75	9503.21
1257.32	9497.21
1257.89	9497.21
1258.46	9497.21
1259.03	9497.21
1259.59	9497.21
1260.16	9497.21
1260.73	9497.21
1261.3	9536.21
1261.87	9541.21
1262.44	9609.21
1263	9622.21
1263.57	9625.21
1264.14	9625.21
1264.71	9625.21
1265.27	9625.21
1265.84	9625.21
1266.41	9609.21
1266.98	9609.21
1267.55	9609.21
1268.11	9609.21
1268.68	9617.21
1269.25	9617.21
1269.82	9617.21
1270.38	9617.21
1270.95	9634.21
1271.52	9651.21
1272.08	9660.21
1272.65	9715.21
1273.22	9715.21
1273.78	9750.21
1274.35	9750.21
1274.92	9750.21
1275.49	9750.21
1276.05	9713.21
1276.62	9736.21
1277.19	9750.21
1277.75	9750.21
1278.32	9750.21
1278.89	9802.21
1279.45	9802.21
1280.02	9736.21
1280.58	9736.21
1281.15	9795.21
1281.72	9795.21
1282.28	9829.21
1282.85	9829.21
1283.42	9795.21
1283.98	9795.21
1284.55	9774.21
1285.11	9745.21
1285.68	9745.21
1286.25	9774.21
1286.81	9795.21
1287.38	9801.21
1287.94	9842.21
1288.51	9801.21
1289.07	9841.21
1289.64	9841.21
1290.2	9841.21
1290.77	9842.21
1291.33	9863.21
1291.9	9863.21
1292.47	9877.21
1293.03	9863.21
1293.59	9841.21
1294.16	9841.21
1294.72	9841.21
1295.29	9841.21
1295.85	9841.21
1296.42	9829.21
1296.98	9829.21
1297.55	9817.21
1298.11	9813.21
1298.68	9793.21
1299.24	9790.21
1299.81	9793.21
1300.37	9793.21
1300.94	9813.21
1301.5	9829.21
1302.07	9839.21
1302.63	9849.21
1303.19	9839.21
1303.76	9849.21
1304.32	9860.21
1304.88	9931.21
1305.45	9934.21
1306.01	9959.21
1306.58	9959.21
1307.14	9959.21
1307.7	9959.21
1308.27	10002.2
1308.83	9959.21
1309.39	10004.2
1309.96	10019.2
1310.52	10019.2
1311.08	10019.2
1311.65	10023.2
1312.21	10023.2
1312.77	10023.2
1313.34	10023.2
1313.9	10051.2
1314.46	10051.2
1315.03	10051.2
1315.59	10051.2
1316.15	10051.2
1316.72	10051.2
1317.28	10026.2
1317.84	10026.2
1318.4	10051.2
1318.97	10092.2
1319.53	10092.2
1320.09	10158.2
1320.65	10159.2
1321.21	10178.2
1321.78	10159.2
1322.34	10158.2
1322.9	10158.2
1323.46	10158.2
1324.03	10178.2
1324.59	10181.2
1325.15	10178.2
1325.71	10137.2
1326.27	10115.2
1326.84	10089.2
1327.4	10074.2
1327.96	10079.2
1328.52	10079.2
1329.08	10079.2
1329.64	10079.2
1330.21	10079.2
1330.77	10079.2
1331.33	10103.2
1331.89	10105.2
1332.45	10123.2
1333.01	10185.2
1333.57	10194.2
1334.13	10195.2
1334.69	10230.2
1335.26	10278.2
1335.82	10278.2
1336.38	10296.2
1336.94	10296.2
1337.5	10301.2
1338.06	10301.2
1338.62	10301.2
1339.18	10301.2
1339.74	10301.2
1340.3	10301.2
1340.86	10299.2
1341.42	10296.2
1341.98	10299.2
1342.54	10381.2
1343.1	10381.2
1343.66	10299.2
1344.22	10321.2
1344.79	10323.2
1345.34	10323.2
1345.9	10321.2
1346.46	10303.2
1347.02	10321.2
1347.58	10323.2
1348.14	10323.2
1348.7	10321.2
1349.26	10321.2
1349.82	10323.2
1350.38	10332.2
1350.94	10332.2
1351.5	10332.2
1352.06	10332.2
1352.62	10355.2
1353.18	10377.2
1353.74	10383.2
1354.3	10383.2
1354.85	10420.2
1355.42	10432.2
1355.97	10464.2
1356.53	10484.2
1357.09	10484.2
1357.65	10497.2
1358.21	10522.2
1358.77	10523.2
1359.33	10523.2
1359.89	10538.2
1360.44	10538.2
1361	10540.2
1361.56	10569.2
1362.12	10569.2
1362.68	10569.2
1363.23	10569.2
1363.79	10574.2
1364.35	10569.2
1364.91	10569.2
1365.47	10569.2
1366.03	10569.2
1366.58	10583.2
1367.14	10583.2
1367.7	10583.2
1368.26	10612.2
1368.81	10612.2
1369.37	10635.2
1369.93	10612.2
1370.49	10612.2
1371.04	10612.2
1371.6	10623.2
1372.16	10635.2
1372.72	10647.2
1373.27	10662.2
1373.83	10662.2
1374.39	10647.2
1374.94	10704.2
1375.5	10704.2
1376.06	10705.2
1376.62	10736.2
1377.17	10742.2
1377.73	10742.2
1378.29	10742.2
1378.84	10742.2
1379.4	10705.2
1379.96	10704.2
1380.51	10705.2
1381.07	10742.2
1381.62	10745.2
1382.18	10762.2
1382.74	10765.2
1383.3	10765.2
1383.85	10789.2
1384.41	10789.2
1384.96	10789.2
1385.52	10813.2
1386.08	10816.2
1386.63	10818.2
1387.19	10818.2
1387.74	10828.2
1388.3	10865.2
1388.85	10871.2
1389.41	10889.2
1389.97	10889.2
1390.52	10922.2
1391.08	10924.2
1391.63	10924.2
1392.19	10933.2
1392.74	10933.2
1393.3	10933.2
1393.85	10933.2
1394.41	10974.2
1394.96	10974.2
1395.52	10986.2
1396.07	10986.2
1396.63	11017.2
1397.18	11017.2
1397.74	11057.2
1398.29	11097.2
1398.85	11105.2
1399.4	11113.2
1399.96	11166.2
2899.91	27638.1
2900.36	27638.1
2900.81	27658.1
2901.26	27706.1
2901.72	27777.1
2902.17	27780.1
2902.62	27829.1
2903.07	27829.1
2903.53	27862.1
2903.98	27872.1
2904.43	27872.1
2904.88	27872.1
2905.34	27929.1
2905.79	27872.1
2906.24	27872.1
2906.69	27872.1
2907.15	27865.1
2907.6	27865.1
2908.05	27958.1
2908.5	27865.1
2908.95	27760.1
2909.4	27760.1
2909.86	27865.1
2910.31	27760.1
2910.76	27865.1
2911.21	27818.1
2911.66	27764.1
2912.12	27764.1
2912.57	27764.1
2913.02	27760.1
2913.47	27764.1
2913.92	27764.1
2914.37	27818.1
2914.83	27818.1
2915.28	27865.1
2915.73	27860.1
2916.18	27865.1
2916.63	27865.1
2917.08	27860.1
2917.53	27860.1
2917.98	27860.1
2918.44	27749.1
2918.89	27749.1
2919.34	27739.5
2919.79	27744.7
2920.24	27749.9
2920.69	27755.1
2921.14	27760.3
2921.59	27781.1
2922.04	27791.5
2922.49	27791.5
2922.95	27802
2923.4	27812.4
2923.85	27812.4
2924.3	27812.4
2924.75	27812.4
2925.2	27812.4
2925.65	27812.4
2926.1	27812.4
2926.55	27812.4
2927	27796.1
2927.45	27810.1
2927.9	27965.1
2928.35	27965.1
2928.8	27965.1
2929.25	27965.1
2929.7	27976.1
2930.15	27976.1
2930.6	27965.1
2931.05	27947.1
2931.5	27936.1
2931.95	27892.1
2932.4	27892.1
2932.85	27752.1
2933.3	27892.1
2933.75	27892.1
2934.2	27939.1
2934.65	27939.1
2935.1	27939.1
2935.55	28060.1
2936	28073.1
2936.45	28080.1
2936.9	28080.1
2937.35	28080.1
2937.8	28080.1
2938.24	28080.1
2938.69	28073.1
2939.14	28073.1
2939.59	28052.1
2940.04	27968.1
2940.49	27968.1
2940.94	27892.1
2941.39	27892.1
2941.84	27892.1
2942.29	27872.1
2942.74	27872.1
2943.18	27861.1
2943.63	27861.1
2944.08	27861.1
2944.53	27872.1
2944.98	27970.1
2945.43	27973.1
2945.88	27973.1
2946.33	27848.1
2946.77	27848.1
2947.22	27848.1
2947.67	27848.1
2948.12	27936.4
2948.57	27936.4
2949.02	27941.8
2949.47	27941.8
2949.91	27941.8
2950.36	27941.8
2950.81	27941.8
2951.26	27941.8
2951.71	27941.8
2952.15	27949.3
2952.6	27949.3
2953.05	27953.2
2953.5	27964.1
2953.95	27986.5
2954.39	27988.1
2954.84	27993
2955.29	27988.1
2955.74	27988.1
2956.18	28025.1
2956.63	28025.1
2957.08	28025.1
2957.53	28066.1
2957.98	28066.1
2958.42	28066.1
2958.87	28076.1
2959.32	28024.1
2959.77	28005.1
2960.21	28024.1
2960.66	28072.1
2961.11	28072.1
2961.55	28072.1
2962	28072.1
2962.45	28072.1
2962.9	28072.1
2963.34	28072.1
2963.79	28072.1
2964.24	28141.1
2964.68	28152.1
2965.13	28141.1
2965.58	28152.1
2966.02	28152.1
2966.47	28152.1
2966.92	28152.1
2967.36	28188.1
2967.81	28152.1
2968.26	28152.1
2968.7	28130.1
2969.15	28119.1
2969.6	28076.1
2970.04	28076.1
2970.49	28076.1
2970.94	28076.1
2971.38	28076.1
2971.83	28117.1
2972.27	28117.1
2972.72	28117.1
2973.17	28119.1
2973.61	28131.1
2974.06	28158.1
2974.51	28160.1
2974.95	28160.1
2975.4	28174.1
2975.84	28207.1
2976.29	28207.1
2976.73	28207.1
2977.18	28207.1
2977.63	28207.1
2978.07	28174.1
2978.52	28087.1
2978.96	28053.1
2979.41	28040.1
2979.86	28040.1
2980.3	28040.1
2980.75	28040.1
2981.19	28040.1
2981.64	28151.7
2982.08	28152.2
2982.53	28151.7
2982.97	28151.7
2983.42	28151.7
2983.86	28152.2
2984.31	28152.2
2984.75	28153.2
2985.2	28154.7
2985.64	28154.7
2986.09	28157.1
2986.53	28157.1
2986.98	28128.1
2987.42	28157.1
2987.87	28204.1
2988.31	28204.1
2988.76	28157.1
2989.2	28204.1
2989.65	28204.1
2990.09	28204.1
2990.53	28226.1
2990.98	28226.1
2991.42	28227.1
2991.87	28300.1
2992.31	28300.1
2992.76	28306.1
2993.2	28306.1
2993.65	28306.1
2994.09	28306.1
2994.53	28306.1
2994.98	28230.5
2995.42	28227.2
2995.87	28227.2
2996.31	28226.9
2996.75	28226.8
2997.2	28218.1
2997.64	28217.5
2998.09	28217.5
2998.53	28217.5
2998.97	28217.5
2999.42	28217.5
2999.86	28217.5
3000.3	28217.5
3000.75	28229.1
3001.19	28244.1
3001.64	28283.1
3002.08	28293.1
3002.52	28308.1
3002.97	28322.1
3003.41	28322.1
3003.85	28392.1
3004.3	28392.1
3004.74	28392.1
3005.18	28392.1
3005.63	28407.1
3006.07	28392.1
3006.51	28392.1
3006.96	28407.1
3007.4	28340.1
3007.84	28340.1
3008.29	28340.1
3008.73	28340.1
3009.17	28385.1
3009.61	28346.1
3010.06	28385.1
3010.5	28385.1
3010.94	28436.1
3011.38	28483.1
3011.83	28483.1
3012.27	28483.1
3012.71	28483.1
3013.15	28483.1
3013.6	28485.1
3014.04	28483.1
3014.48	28485.1
3014.92	28485.1
3015.37	28485.1
3015.81	28488.1
3016.25	28488.1
3016.69	28488.1
3017.13	28488.1
3017.58	28488.1
3018.02	28488.1
3018.46	28488.1
3018.9	28488.1
3019.35	28429.1
3019.79	28429.1
3020.23	28322.1
3020.67	28320.5
3021.11	28322.1
3021.55	28322.1
3022	28326.1
3022.44	28326.1
3022.88	28331.9
3023.32	28331.9
3023.76	28336.9
3024.2	28339.3
3024.64	28339.3
3025.09	28344.9
3025.53	28353
3025.97	28356.2
3026.41	28358.6
3026.85	28358.6
3027.29	28358.6
3027.73	28360
3028.17	28362.9
3028.62	28363.6
3029.06	28368.6
3029.5	28372.8
3029.94	28416.1
3030.38	28441.1
3030.82	28441.1
3031.26	28441.1
3031.7	28456.1
3032.14	28484.1
3032.58	28497.1
3033.02	28497.1
3033.47	28497.1
3033.91	28600.1
3034.35	28600.1
3034.79	28600.1
3035.23	28600.1
3035.67	28628.1
3036.11	28686.1
3036.55	28686.1
3036.99	28686.1
3037.43	28600.1
3037.87	28585.1
3038.31	28580.1
3038.75	28551.1
3039.19	28551.1
3039.63	28540.1
3040.07	28515.1
3040.51	28508.1
3040.95	28390.1
3041.39	28350.1
3041.83	28294.1
3042.27	28264.1
3042.71	28238.1
3043.15	28238.1
3043.59	28238.1
3044.03	28238.1
3044.47	28264.1
3044.91	28294.1
3045.35	28344.1
3045.79	28349.1
3046.23	28508.1
3046.67	28522.1
3047.1	28522.1
3047.54	28522.1
3047.98	28522.1
3048.42	28508.1
3048.86	28508.1
3049.3	28508.1
3049.74	28508.1
3050.18	28508.1
3050.62	28508.1
3051.06	28512.1
3051.5	28512.1
3051.94	28518.1
3052.37	28522.1
3052.81	28555.1
3053.25	28565.1
3053.69	28640.1
3054.13	28800.1
3054.57	28800.1
3055.01	28800.1
3055.45	28800.1
3055.88	28800.1
3056.32	28594.1
3056.76	28565.1
3057.2	28594.1
3057.64	28594.1
3058.08	28594.1
3058.51	28562.1
3058.95	28562.1
3059.39	28562.1
3059.83	28594.1
3060.27	28614.1
3060.71	28636.1
3061.14	28727.1
3061.58	28727.1
3062.02	28735.1
3062.46	28735.1
3062.9	28757.1
3063.33	28758.1
3063.77	28789.1
3064.21	28789.1
3064.65	28834.1
3065.09	28834.1
3065.52	28834.1
3065.96	28758.1
3066.4	28758.1
3066.83	28723.1
3067.27	28668.1
3067.71	28648.1
3068.15	28621.4
3068.58	28615.4
3069.02	28609.7
3069.46	28555.1
3069.9	28551.7
3070.33	28551.7
3070.77	28551.7
3071.21	28551.7
3071.65	28551.7
3072.08	28551.7
3072.52	28551.7
3072.96	28551.7
3073.39	28555.1
3073.83	28649.1
3074.27	28692.1
3074.71	28692.1
3075.14	28745.1
3075.58	28752.1
3076.02	28803.1
3076.45	28782.1
3076.89	28782.1
3077.32	28803.1
3077.76	28803.1
3078.2	28803.1
3078.63	28782.1
3079.07	28782.1
3079.51	28782.1
3079.94	28782.1
3080.38	28782.1
3080.82	28748.1
3081.25	28748.1
3081.69	28748.1
3082.13	28748.1
3082.56	28767.1
3083	28816.1
3083.43	28816.1
3083.87	28816.1
3084.31	28848.1
3084.74	28848.1
3085.18	28816.1
3085.61	28816.1
3086.05	28767.1
3086.48	28743.1
3086.92	28687.1
3087.36	28687.1
3087.79	28686.1
3088.23	28686.1
3088.66	28668.1
3089.1	28668.1
3089.53	28668.1
3089.97	28686.1
3090.4	28663.1
3090.84	28740.1
3091.28	28740.1
3091.71	28740.1
3092.15	28740.1
3092.58	28740.1
3093.02	28740.1
3093.45	28740.1
3093.89	28740.1
3094.32	28779.1
3094.76	28779.1
3095.19	28791.1
3095.63	28779.1
3096.06	28791.1
3096.5	28900.1
3096.93	28900.1
3097.37	28900.1
3097.8	28900.1
3098.24	28900.1
3098.67	28859.1
3099.1	28832.1
3099.54	28832.1
3099.97	28814.1
3100.41	28814.1
3100.84	28814.1
3101.28	28759.1
3101.71	28759.1
3102.15	28814.1
3102.58	28814.1
3103.01	28814.1
3103.45	28819.1
3103.88	28778.1
3104.32	28778.1
3104.75	28819.1
3105.18	28819.1
3105.62	28819.1
3106.05	28855.1
3106.49	28855.1
3106.92	28902.1
3107.35	28902.1
3107.79	28902.1
3108.22	28855.1
3108.65	28979.1
3109.09	28855.1
3109.52	28837.1
3109.96	28837.1
3110.39	28836.1
3110.82	28836.1
3111.26	28825.1
3111.69	28825.1
3112.12	28825.1
3112.56	28774.1
3112.99	28740.1
3113.42	28740.1
3113.86	28774.1
3114.29	28825.1
3114.72	28897.1
3115.16	28956.1
3115.59	28961.1
3116.02	28978.1
3116.46	28961.1
3116.89	28961.1
3117.32	28961.1
3117.75	28961.1
3118.19	28956.1
3118.62	28838.1
3119.05	28835.1
3119.49	28780.1
3119.92	28704.1
3120.35	28695.1
3120.78	28692.1
3121.22	28620.1
3121.65	28641.1
3122.08	28641.1
3122.51	28695.1
3122.95	28704.1
3123.38	28704.1
3123.81	28722.1
3124.24	28722.1
3124.68	28893.1
3125.11	28948.1
3125.54	28948.1
3125.97	28948.1
3126.4	28948.1
3126.84	28967.1
3127.27	28967.1
3127.7	28976.1
3128.13	28976.1
3128.56	28967.1
3128.99	28942.1
3129.43	28882.1
3129.86	28882.1
3130.29	28942.1
3130.72	28942.1
3131.15	28942.1
3131.58	28942.1
3132.02	28974.1
3132.45	28974.1
3132.88	28942.1
3133.31	28974.1
3133.74	28977.1
3134.17	28977.1
3134.6	29038.1
3135.04	28977.1
3135.47	28977.1
3135.9	28977.1
3136.33	28977.1
3136.76	28939.1
3137.19	28935.1
3137.62	28904.1
3138.06	28888.1
3138.48	28888.1
3138.92	28904.1
3139.35	28881.1
3139.78	28818.1
3140.21	28861.1
3140.64	28861.1
3141.07	28861.1
3141.5	28861.1
3141.93	28876.1
3142.36	28885.1
3142.79	28900.1
3143.22	28900.1
3143.65	28900.1
3144.08	28918.1
3144.51	28944.1
3144.94	28972.1
3145.38	28972.1
3145.81	29004.1
3146.24	29004.1
3146.67	29004.1
3147.1	29004.1
3147.53	29004.1
3147.96	28998.1
3148.39	28998.1
3148.82	28988.1
3149.25	28905.1
3149.68	28894.1
3150.11	28821.1
3150.54	28821.1
3150.97	28821.1
3151.4	28894.1
3151.83	28894.1
3152.26	28894.1
3152.69	29004.1
3153.12	29004.1
3153.54	29004.1
3153.97	29004.1
3154.4	29004.1
3154.83	29004.1
3155.26	28882.1
3155.69	28882.1
3156.12	28882.1
3156.55	28882.1
3156.98	28882.1
3157.41	28881.9
3157.84	28881.9
3158.27	28881.9
3158.7	28882.1
3159.13	28882.1
3159.55	28881.9
3159.98	28881.9
3160.41	28881.9
3160.84	28879.6
3161.27	28879.6
3161.7	28881.9
3162.13	28912.1
3162.56	28916.1
3162.98	28936.1
3163.41	28936.1
3163.84	28936.1
3164.27	28936.1
3164.7	28916.1
3165.13	28936.1
3165.56	28946.1
3165.99	28963.1
3166.41	28963.1
3166.84	28963.1
3167.27	28946.1
3167.7	28946.1
3168.13	28946.1
3168.55	28946.1
3168.98	28991.1
3169.41	28991.1
3169.84	28946.1
3170.27	28908.1
3170.69	28906.1
3171.12	28906.1
3171.55	28908.1
3171.98	28961.1
3172.41	28929.1
3172.83	28908.1
3173.26	28908.1
3173.69	28906.1
3174.12	28908.1
3174.54	28908.1
3174.97	28929.1
3175.4	28961.1
3175.83	28961.1
3176.25	28929.1
3176.68	28929.1
3177.11	29006.1
3177.54	29006.1
3177.96	29015.1
3178.39	29015.1
3178.82	29015.1
3179.25	29015.1
3179.67	29006.1
3180.1	28998.1
3180.53	28914.1
3180.96	28914.1
3181.38	28885.1
3181.81	28865.1
3182.24	28865.1
3182.66	28862.1
3183.09	28862.1
3183.52	28862.1
3183.94	28865.1
3184.37	28865.1
3184.8	28866.1
3185.22	28885.1
3185.65	28908.1
3186.08	28988.1
3186.5	29037.1
3186.93	29037.1
3187.36	29037.1
3187.78	29037.1
3188.21	29037.1
3188.64	29037.1
3189.06	29028.9
3189.49	29011.1
3189.91	29006.9
3190.34	28962
3190.77	28803.8
3191.19	28803.8
3191.62	28800.9
3192.04	28678.6
3192.47	28678.6
3192.9	28783.2
3193.32	28783.2
3193.75	28783.2
3194.17	28803.8
3194.6	28849.9
3195.03	28888.5
3195.45	29001.9
3195.88	29065.2
3196.3	29065.2
3196.73	29065.2
3197.15	29065.2
3197.58	29065.2
3198	29065.2
3198.43	28924.2
3198.85	28873.8
3199.28	28761.3
3199.71	28667.5
3200.13	28827.9
3200.56	28826.1
3200.98	28824.1
3201.41	28821.7
3201.83	28819.2
3202.26	28816.9
3202.68	28667.5
3203.11	28808.3
3203.53	28833.9
3203.96	28876.5
3204.38	28891.2
3204.8	28931.9
3205.23	28950.3
3205.66	28931.9
3206.08	28902
3206.5	28902
3206.93	28902
3207.35	28902
3207.78	28902
3208.2	28866.9
3208.63	28746.2
3209.05	28738.9
3209.48	28714.6
3209.9	28687
3210.32	28787.7
3210.75	28788.1
3211.17	28788.3
3211.6	28788.5
3212.02	28787.8
3212.45	28785.6
3212.87	28782.9
3213.29	28700.1
3213.72	28759.6
3214.14	28819.8
3214.56	28838.1
3214.99	28838.1
3215.41	28838.1
3215.84	28838.1
3216.26	28838.1
3216.68	28782.8
3217.11	28782.8
3217.53	28772.4
3217.96	28764.3
3218.38	28764.3
3218.8	28717.8
3219.23	28745.3
3219.65	28743
3220.07	28740.6
3220.5	28737.9
3220.92	28734.9
3221.34	28730.9
3221.77	28727.7
3222.19	28724.6
3222.61	28661.1
3223.04	28661.1
3223.46	28743.4
3223.88	28743.4
3224.31	28661.1
3224.73	28743.4
3225.15	28743.4
3225.57	28743.4
3226	28693
3226.42	28693
3226.84	28672
3227.27	28658.1
3227.69	28658.1
3228.11	28658.1
3228.53	28658.1
3228.96	28658.1
3229.38	28658.1
3229.8	28672
3230.22	28658.1
3230.65	28658.1
3231.07	28679.7
3231.49	28682.4
3231.91	28705.6
3232.34	28705.6
3232.76	28705.6
3233.18	28785.3
3233.6	28794.1
3234.02	28811.8
3234.45	28892.9
3234.87	28913
3235.29	28913
3235.71	28913
3236.13	28913
3236.55	28913
3236.98	28935
3237.4	28892.9
3237.82	28778.7
3238.24	28770.5
3238.66	28756.6
3239.09	28725.2
3239.51	28696
3239.93	28696
3240.35	28660
3240.77	28603.8
3241.19	28602.9
3241.61	28518.3
3242.04	28501.5
3242.46	28488.4
3242.88	28668.9
3243.3	28669.2
3243.72	28488.4
3244.14	28488.4
3244.56	28501.5
3244.98	28507.8
3245.41	28507.8
3245.83	28508.5
3246.25	28530.2
3246.67	28537.7
3247.09	28681
3247.51	28700.8
3247.93	28734.9
3248.35	28759.2
3248.77	28759.2
3249.19	28759.2
3249.61	28734.9
3250.03	28734.9
3250.46	28681
3250.88	28643.2
3251.3	28541.6
3251.72	28536.9
3252.14	28494.7
3252.56	28691.2
3252.98	28693.4
3253.4	28695.9
3253.82	28698
3254.24	28700
3254.66	28701.4
3255.08	28702.4
3255.5	28703.6
3255.92	28703.7
3256.34	28702.8
3256.76	28649
3257.18	28683.7
3257.6	28703.8
3258.02	28777.6
3258.44	28792.1
3258.86	28792.1
3259.28	28846.6
3259.7	28792.1
3260.12	28792.1
3260.54	28792.1
3260.96	28777.6
3261.38	28729.7
3261.8	28690.7
3262.22	28631.4
3262.64	28603.4
3263.05	28603.4
3263.47	28600.9
3263.89	28600.9
3264.31	28600.9
3264.73	28600.9
3265.15	28603.4
3265.57	28715.8
3265.99	28755.7
3266.41	28810.6
3266.83	28821.1
3267.25	28821.1
3267.67	28821.1
3268.08	28821.1
3268.5	28813.6
3268.92	28813.6
3269.34	28813.6
3269.76	28766.5
3270.18	28766.5
3270.6	28766.5
3271.02	28758.9
3271.43	28748.4
3271.85	28748.4
3272.27	28758.9
3272.69	28738.6
3273.11	28738.6
3273.53	28737.4
3273.95	28738.6
3274.36	28770.9
3274.78	28770.9
3275.2	28770.9
3275.62	28800.4
3276.04	28923.4
3276.45	28945
3276.87	28945
3277.29	28945
3277.71	28945
3278.13	28945
3278.55	28923.4
3278.96	28912.3
3279.38	28908.2
3279.8	28902.2
3280.22	28835
3280.63	28807.2
3281.05	28798.6
3281.47	28684.6
3281.89	28643.7
3282.3	28613.9
3282.72	28791.8
3283.14	28775.7
3283.56	28776.8
3283.97	28777.4
3284.39	28777.6
3284.81	28777.6
3285.23	28777.5
3285.64	28778.1
3286.06	28798.4
3286.48	28603
3286.9	28806.5
3287.31	28819.6
3287.73	28819.6
3288.15	28833.3
3288.56	28833.3
3288.98	28833.3
3289.4	28833.3
3289.82	28813.3
3290.23	28806.5
3290.65	28806.5
3291.07	28774.7
3291.48	28751.9
3291.9	28751.9
3292.31	28751.9
3292.73	28751.9
3293.15	28751.9
3293.56	28856.4
3293.98	28891.7
3294.4	28972.4
3294.81	28972.4
3295.23	28972.4
3295.65	28972.4
3296.06	28972.4
3296.48	28972.4
3296.9	28696.9
3297.31	28645.5
3297.73	28830.8
3298.15	28831.3
3298.56	28831.7
3298.98	28832.3
3299.39	28832.9
3299.81	28833.5
3300.23	28607
3300.64	28625
3301.06	28692
3301.47	28742.9
3301.89	28743
3302.3	28770.5
3302.72	28845.5
3303.14	29034.2
3303.55	29034.2
3303.97	29034.2
3304.38	29073.8
3304.8	29073.8
3305.21	29073.8
3305.63	29073.8
3306.04	29011
3306.46	28990.1
3306.87	28916.2
3307.29	28842.8
3307.71	28842.8
3308.12	28842.8
3308.54	28842.8
3308.95	28838.9
3309.37	28838.9
3309.78	28813.9
3310.2	28787.7
3310.61	28838.9
3311.03	28868.2
3311.44	28956.5
3311.86	28956.5
3312.27	28956.5
3312.68	28991.4
3313.1	28991.4
3313.51	28991.4
3313.93	28949.9
3314.34	28949.9
3314.76	28991.4
3315.17	29048.3
3315.59	28949.9
3316	28922
3316.42	28949.9
3316.83	28922
3317.24	28849.3
3317.66	28849.3
3318.07	28790.2
3318.49	28803.3
3318.9	28790.2
3319.32	28790.2
3319.73	28790.2
3320.14	28790.2
3320.56	28790.2
3320.97	28790.2
3321.17	28796
3321.6	28799
3322.02	28799
3322.44	28801
3322.86	28801
3323.28	28805.1
3323.7	28805.1
3324.12	28805.1
3324.54	28810.9
3324.96	28815.6
3325.38	28815.6
3325.8	28815.6
3326.22	28823.3
3326.64	28823.3
3327.06	28825.9
3327.48	28826.3
3327.9	28827.1
3328.32	28833.1
3328.74	28855.9
3329.16	28907.9
3329.58	28971.9
3330	29023.9
3330.42	29023.9
3330.84	29041.9
3331.26	29041.9
3331.68	29041.9
3332.1	29023.9
3332.52	29041.9
3332.94	29049.9
3333.36	29041.9
3333.78	29041.9
3334.2	29019.9
3334.62	28964.9
3335.04	28964.9
3335.46	28964.9
3335.87	28977.9
3336.29	28977.9
3336.71	29040.9
3337.13	28977.9
3337.55	28964.9
3337.97	28825.9
3338.39	28825.9
3338.81	28817.9
3339.23	28841.9
3339.65	28841.9
3340.07	28796.9
3340.48	28796.9
3340.9	28796.9
3341.32	28891
3341.74	28890.3
3342.16	28889.6
3342.58	28888.8
3343	28887.6
3343.42	28887.8
3343.83	28888.1
3344.25	28888.8
3344.67	28889.2
3345.09	28890.1
3345.51	28891.2
3345.93	28804.9
3346.34	28927.9
3346.76	28928.9
3347.18	28969.9
3347.6	28969.9
3348.02	28993.9
3348.44	28993.9
3348.85	28993.9
3349.27	29007.9
3349.69	29007.9
3350.11	28993.9
3350.53	28982.9
3350.94	28982.9
3351.36	28951.9
3351.78	28951.9
3352.2	28951.9
3352.62	28875.9
3353.03	28875.9
3353.45	28875.9
3353.87	28875.9
3354.29	28829.9
3354.7	28875.9
3355.12	28992.9
3355.54	28971.9
3355.96	28971.9
3356.37	28934.9
3356.79	28934.9
3357.21	28971.9
3357.63	28971.9
3358.04	29011.9
3358.46	28971.9
3358.88	29011.9
3359.3	29011.9
3359.71	29011.9
3360.13	29016.9
3360.55	29016.9
3360.96	29016.9
3361.38	29016.9
3361.8	29016.9
3362.21	29016.9
3362.63	28955.9
3363.05	28955.9
3363.47	28946.9
3363.88	28932.9
3364.3	28830.9
3364.72	28829.3
3365.13	28780.9
3365.55	28829.3
3365.97	28829.3
3366.38	28829.3
3366.8	28829.3
3367.21	28829.3
3367.63	28835.2
3368.05	28835.2
3368.46	28851
3368.88	28854.5
3369.3	28874.1
3369.71	28877.2
3370.13	28879.4
3370.55	28901.9
3370.96	28901.9
3371.38	28919.9
3371.79	28939.9
3372.21	29020.9
3372.63	29047.9
3373.04	29020.9
3373.46	29020.9
3373.87	29047.9
3374.29	29047.9
3374.71	29062.9
3375.12	29062.9
3375.54	29062.9
3375.95	29047.9
3376.37	29020.9
3376.78	28992.9
3377.2	28992.9
3377.61	28992.9
3378.03	28992.9
3378.45	28955.9
3378.86	28922.9
3379.28	28889.9
3379.69	28887.9
3380.11	28887.9
3380.52	28887.9
3380.94	28887.9
3381.35	28922.9
3381.77	28922.9
3382.18	28911.9
3382.6	28890.9
3383.01	28911.9
3383.43	28911.9
3383.84	28930.9
3384.26	28930.9
3384.67	28949.9
3385.09	28930.9
3385.5	28930.9
3385.92	28911.9
3386.33	28930.9
3386.75	28930.9
3387.16	28949.9
3387.58	28949.9
3387.99	28949.9
3388.4	28952.9
3388.82	29007.9
3389.23	28952.9
3389.65	28952.9
3390.06	28913.9
3390.48	28952.9
3390.89	28913.9
3391.31	28952.9
3391.72	28952.9
3392.13	28952.9
3392.55	28954.9
3392.96	28954.9
3393.38	28954.9
3393.79	28959.9
3394.21	28959.9
3394.62	28959.9
3395.03	29017.9
3395.45	29017.9
3395.86	29017.9
3396.27	28954.9
3396.69	28929.9
3397.1	28929.9
3397.52	29082.9
3397.93	29076.9
3398.34	29076.9
3398.76	29076.9
3399.17	29076.9
3399.58	28953.9
3400	28953.9
3400.41	28953.9
3400.82	29066.9
3401.24	29076.9
3401.65	29066.9
3402.06	29066.9
3402.48	29066.9
3402.89	28953.9
3403.3	28953.9
3403.72	29016.9
3404.13	29016.9
3404.54	29016.9
3404.96	28966.9
3405.37	28943.9
3405.78	28930.9
3406.2	28930.9
3406.61	28930.9
3407.02	28930.9
3407.43	28940.9
3407.85	28943.9
3408.26	28940.9
3408.67	28927.9
3409.08	28927.9
3409.5	28927.9
3409.91	28927.9
3410.32	28927.9
3410.73	28927.9
3411.15	28927.9
3411.56	28927.9
3411.97	28927.9
3412.38	28927.9
3412.8	28941.9
3413.21	28941.9
3413.62	28936.9
3414.03	28936.9
3414.44	28981.9
3414.86	28995.9
3415.27	28995.9
3415.68	28995.9
3416.09	28995.9
3416.51	28995.9
3416.92	28995.9
3417.33	29000.9
3417.74	29000.9
3418.15	29000.9
3418.56	29000.9
3418.98	28995.9
3419.39	29000.9
3419.8	29000.9
3420.21	29012.9
3420.62	29017.9
3421.03	29077.9
3421.44	29077.9
3421.86	29077.9
3422.27	29077.9
3422.68	29101.9
3423.09	29101.9
3423.5	29113.9
3423.91	29113.9
3424.32	29115.9
3424.74	29113.9
3425.15	29113.9
3425.56	29101.9
3425.97	29113.9
3426.38	29113.9
3426.79	29113.9
3427.2	29136.9
3427.61	29136.9
3428.03	29044.9
3428.44	29020.9
3428.85	28975.9
3429.26	28956.9
3429.67	28956.9
3430.08	28955.9
3430.49	28955.9
3430.9	28955.9
3431.31	28943.9
3431.72	28943.9
3432.13	28955.9
3432.54	28955.9
3432.95	28955.9
3433.36	28952.9
3433.77	28952.9
3434.18	28952.9
3434.59	28952.9
3435	28919.9
3435.41	28919.9
3435.83	28952.9
3436.23	28952.9
3436.65	28952.9
3437.05	28952.9
3437.47	29036.4
3437.87	29036.4
3438.29	29036.4
3438.69	29036.4
3439.11	29036.4
3439.51	29036.4
3439.92	28959.5
3440.33	28959.5
3440.74	28959.5
3441.15	28959.5
3441.56	28959.5
3441.97	28959.5
3442.38	28976
3442.79	29006.8
3443.2	29006.8
3443.61	29014.2
3444.02	29014.2
3444.43	29014.2
3444.84	29014.2
3445.25	29014.2
3445.66	29060.2
3446.07	29060.2
3446.48	29060.2
3446.89	28986.2
3447.29	28944.5
3447.7	28944.5
3448.11	28934.7
3448.52	28931.8
3448.93	28929
3449.34	28876.6
3449.75	28876.3
3450.16	28875.4
3450.57	28875.4
3450.98	28873.9
3451.38	28873.9
3451.79	28873.9
3452.2	28873.5
3452.61	28873.5
3453.02	28873.5
3453.43	28915.6
3453.84	29057.5
3454.24	29057.5
3454.65	29057.5
3455.06	29067.1
3455.47	29067.1
3455.88	29057.5
3456.29	28950
3456.69	28950
3457.1	28950
3457.51	28928.5
3457.92	28902
3458.33	28902
3458.74	28882.7
3459.14	28882.7
3459.55	28832.8
3459.96	28800.7
3460.37	28832.8
3460.77	28832.8
3461.18	28832.8
3461.59	28832.8
3462	28834.6
3462.41	28834.6
3462.81	28832.8
3463.22	28834.6
3463.63	28841.8
3464.04	28841.8
3464.45	28853.8
3464.85	28841.8
3465.26	28834.6
3465.67	28841.8
3466.07	28853.8
3466.48	28864.4
3466.89	28853.8
3467.3	28853.8
3467.7	28833
3468.11	28810.4
3468.52	28833
3468.93	28810.4
3469.33	28810.4
3469.74	28764.4
3470.15	28748.7
3470.55	28741.3
3470.96	28715.6
3471.37	28715.6
3471.77	28712.5
3472.18	28712.5
3472.59	28712.5
3472.99	28712.5
3473.4	28740.2
3473.81	28748.7
3474.22	28780.7
3474.62	28807.2
3475.03	28855.3
3475.43	28876.3
3475.84	28886.1
3476.25	28886.1
3476.65	28928.4
3477.06	28928.4
3477.47	28928.4
3477.87	28886.1
3478.28	28876.3
3478.69	28876.3
3479.09	28886.1
3479.5	28872.5
3479.9	28865.4
3480.31	28815.5
3480.72	28815.5
3481.12	28815.5
3481.53	28795.7
3481.94	28815.5
3482.34	28781.4
3482.75	28781.4
3483.15	28775.9
3483.56	28706
3483.96	28755.1
3484.37	28775.9
3484.78	28781.4
3485.18	28783.4
3485.59	28783.4
3485.99	28783.4
3486.4	28783.4
3486.8	28783.4
3487.21	28755.1
3487.61	28755.1
3488.02	28755.1
3488.42	28710.7
3488.83	28681.9
3489.24	28661.4
3489.64	28661.4
3490.05	28643.7
3490.45	28629.1
3490.86	28629.1
3491.26	28629.1
3491.67	28629.1
3492.07	28643.7
3492.48	28661.1
3492.88	28661.1
3493.29	28673.5
3493.69	28673.5
3494.09	28661.1
3494.5	28681.9
3494.9	28681.9
3495.31	28661.1
3495.71	28678.7
3496.12	28658.2
3496.52	28582.9
3496.93	28581.2
3497.33	28581.2
3497.74	28581.2
3498.14	28581.2
3498.55	28581.2
3498.95	28581.2
3499.36	28582.9
3499.76	28506.3
3500.16	28482.2
3500.57	28482.2
3500.97	28482.2
3501.38	28561.9
3501.78	28561.9
3502.18	28561.9
3502.59	28566.9
3502.99	28731.9
3503.4	28731.9
3503.8	28763
3504.2	28763
3504.61	28812.1
3505.01	28812.1
3505.42	28812.1
3505.82	28812.1
3506.22	28782.3
3506.63	28763
3507.03	28741.9
3507.43	28712.1
3507.84	28706
3508.24	28706
3508.64	28706
3509.05	28689.6
3509.45	28689.6
3509.85	28704.5
3510.26	28704.5
3510.66	28706
3511.06	28706
3511.47	28803.2
3511.87	28811.7
3512.27	28826.4
3512.68	28826.4
3513.08	28826.4
3513.48	28826.4
3513.89	28826.4
3514.29	28826.4
3514.69	28820.6
3515.1	28807.3
3515.5	28778.9
3515.9	28762.2
3516.3	28755.3
3516.71	28755.3
3517.11	28713.3
3517.51	28713.3
3517.92	28755.3
3518.32	28755.3
3518.72	28755.3
3519.12	28788.1
3519.52	28798.5
3519.93	28798.5
3520.33	28814.7
3520.73	28820.4
3521.13	28931.7
3521.54	28965.2
3521.94	28965.2
3522.34	28965.2
3522.74	28970.8
3523.14	28970.8
3523.55	28965.2
3523.95	28950.7
3524.35	28950.7
3524.75	28848.2
3525.16	28812.4
3525.56	28668.2
3525.96	28651.9
3526.36	28637.3
3526.76	28637.3
3527.16	28563.2
3527.57	28563.2
3527.97	28563.2
3528.37	28563.2
3528.77	28563.2
3529.17	28667.5
3529.57	28667.5
3529.98	28717.1
3530.38	28724.9
3530.78	28724.9
3531.18	28717.1
3531.58	28724.9
3531.98	28729.3
3532.38	28729.3
3532.79	28724.9
3533.19	28724.9
3533.59	28709.1
3533.99	28709.1
3534.39	28709.1
3534.79	28709.1
3535.19	28730.3
3535.59	28817.7
3535.99	28829
3536.39	28817.7
3536.8	28817.7
3537.2	28817.7
3537.6	28817.7
3538	28829
3538.4	28829
3538.8	28829
3539.2	28801.4
3539.6	28801.4
3540	28775.9
3540.4	28755.3
3540.8	28775.9
3541.2	28775.9
3541.6	28788.3
3542	28788.3
3542.4	28788.3
3542.81	28788.3
3543.2	28788.3
3543.61	28793.8
3544.01	28793.8
3544.41	28797.8
3544.81	28913.5
3545.21	28929.2
3545.61	28972.4
3546.01	28929.2
3546.41	28929.2
3546.81	28929.2
3547.21	28929.2
3547.61	28929.2
3548.01	28899
3548.41	28899
3548.81	28882.3
3549.2	28882.3
3549.61	28882.3
3550	28868.5
3550.4	28882.3
3550.8	28885.5
3551.2	28885.5
3551.6	28899
3552	28885.5
3552.4	28900.2
3552.8	28961.8
3553.2	28963.7
3553.6	28977.1
3554	28998.1
3554.4	29019.1
3554.8	29019.1
3555.2	29019.1
3555.6	29019.1
3555.99	29019.1
3556.39	29045.4
3556.79	29035.5
3557.19	29035.5
3557.59	29027.5
3557.99	29027.5
3558.39	29035.5
3558.79	29035.5
3559.19	29082.2
3559.58	29082.2
3559.98	29082.2
3560.38	29097.1
3560.78	29097.1
3561.18	29097.1
3561.58	29097.1
3561.98	29097.1
3562.38	29052.8
3562.77	28932.8
3563.17	28919.1
3563.57	28865.1
3563.97	28864.1
3564.37	28823.4
3564.76	28780.7
3565.16	28959.7
3565.56	28961.8
3565.96	28963.9
3566.36	28966.2
3566.76	28968.4
3567.16	28970.2
3567.55	28971.8
3567.95	28973.1
3568.35	28974.3
3568.75	28975.5
3569.15	28976.3
3569.54	28976.7
3569.94	28977.3
3570.34	28895
3570.74	28966.1
3571.13	29051.2
3571.53	29051.2
3571.93	29065.4
3572.33	29120.2
3572.72	29136.6
3573.12	29176.6
3573.52	29176.6
3573.92	29176.6
3574.31	29214.6
3574.71	29176.6
3575.11	29176.6
3575.5	29214.6
3575.9	29214.6
3576.3	29214.6
3576.7	29225.6
3577.09	29260.4
3577.49	29260.4
3577.89	29225.6
3578.28	29225.6
3578.68	29223.4
3579.08	29223.4
3579.48	29223.4
3579.87	29169.7
3580.27	29169.7
3580.67	29167.9
3581.06	29167.9
3581.46	29129.6
3581.86	28973.9
3582.25	28973.9
3582.65	28962.4
3583.05	28962.4
3583.44	28962.4
3583.84	28962.4
3584.24	28973.9
3584.63	28973.9
3585.03	28982
3585.43	28962.4
3585.82	28962.4
3586.22	28982
3586.61	28965.1
3587.01	28982
3587.41	28982
3587.8	28995.8
3588.2	29015.9
3588.6	29031.3
3588.99	29031.3
3589.39	29015.9
3589.78	29015.9
3590.18	29015.9
3590.58	29015.9
3590.97	29031.3
3591.37	29037.5
3591.76	29037.5
3592.16	29037.5
3592.55	28955.9
3592.95	28944
3593.35	28955.9
3593.74	28944
3594.14	28944
3594.53	28944
3594.93	28904.8
3595.32	28886.5
3595.72	28882
3596.11	28729.8
3596.51	28729.8
3596.9	28729.8
3597.3	28726.6
3597.69	28726.6
3598.09	28726.6
3598.49	28679.3
3598.88	28679.3
3599.28	28679.3
3599.67	28726.6
3600.07	28771
3600.46	28771
3600.85	28679.3
3601.25	28646.8
3601.64	28679.3
3602.04	28646.8
3602.43	28646.8
3602.83	28658.9
3603.22	28658.9
3603.62	28646.8
3604.01	28538.5
3604.41	28479.6
3604.8	28479.6
3605.2	28467.3
3605.59	28436
3605.99	28382.5
3606.19	28346.3
3606.59	28336.8
3606.99	28336.8
3607.39	28336.8
3607.79	28346.3
3608.19	28346.3
3608.59	28346.3
3608.99	28346.3
3609.39	28386.5
3609.79	28386.5
3610.19	28396.4
3610.59	28401
3610.99	28411.8
3611.39	28490
3611.79	28490
3612.19	28490
3612.59	28490
3612.99	28401
3613.38	28348
3613.78	28281
3614.18	28238
3614.58	28223
3614.98	28188
3615.38	28144
3615.78	28116
3616.18	28113
3616.58	28113
3616.98	28090
3617.38	28113
3617.78	28113
3618.17	28113
3618.57	28031
3618.97	28113
3619.37	28113
3619.77	28116
3620.17	28133
3620.57	28133
3620.97	28190
3621.36	28230
3621.76	28190
3622.16	28190
3622.56	28133
3622.96	28133
3623.36	28133
3623.76	28032
3624.15	27995
3624.55	27995
3624.95	27971
3625.35	27944
3625.75	27938
3626.15	27876
3626.54	27876
3626.94	27920
3627.34	27913
3627.74	27873
3628.14	27913
3628.53	27920
3628.93	27913
3629.33	27913
3629.73	27920
3630.13	27920
3630.52	27976
3630.92	27976
3631.32	27937
3631.72	27976
3632.12	28043
3632.51	28043
3632.91	27996
3633.31	27996
3633.71	27996
3634.1	27937
3634.5	27937
3634.9	27929
3635.3	27918
3635.69	27918
3636.09	27890
3636.49	27890
3636.89	27890
3637.28	27742
3637.68	27742
3638.08	27742
3638.47	27786
3638.87	27742
3639.27	27786
3639.66	27786
3640.06	27752
3640.46	27786
3640.86	27752
3641.25	27752
3641.65	27752
3642.05	27752
3642.44	27752
3642.84	27737
3643.24	27737
3643.63	27699
3644.03	27699
3644.42	27699
3644.82	27699
3645.22	27699
3645.61	27699
3646.01	27741
3646.41	27695
3646.8	27689
3647.2	27689
3647.6	27678
3647.99	27678
3648.39	27631
3648.79	27631
3649.18	27574
3649.58	27548
3649.97	27431
3650.37	27431
3650.77	27431
3651.16	27428
3651.56	27431
3651.95	27431
3652.35	27447
3652.75	27431
3653.14	27428
3653.54	27431
3653.93	27431
3654.33	27428
3654.72	27428
3655.12	27428
3655.51	27422
3655.91	27422
3656.3	27422
3656.7	27417
3657.1	27418
3657.49	27374
3657.89	27374
3658.28	27355
3658.68	27354
3659.07	27347
3659.47	27308
3659.86	27308
3660.26	27308
3660.65	27308
3661.05	27308
3661.44	27282
3661.84	27282
3662.23	27282
3662.63	27282
3663.02	27282
3663.42	27282
3663.81	27282
3664.21	27278
3664.6	27268
3665	27268
3665.39	27159
3665.79	27156
3666.18	27156
3666.58	27136
3666.97	27098
3667.36	27087
3667.76	26964
3668.15	26963
3668.55	26963
3668.94	26952
3669.34	26917
3669.73	26917
3670.12	26917
3670.52	26952
3670.91	26952
3671.31	26982
3671.7	27046
3672.09	27077
3672.49	27097
3672.88	27145
3673.28	27145
3673.67	27145
3674.06	27097
3674.46	27077
3674.85	27046
3675.25	26910
3675.64	26868
3676.03	26862
3676.43	26862
3676.82	26822
3677.21	26800
3677.61	26710
3678	26710
3678.39	26710
3678.79	26710
3679.18	26710
3679.58	26775.4
3679.97	26800
3680.36	26810.8
3680.76	26810.8
3681.15	26819.2
3681.54	26853.1
3681.93	26862.1
3682.33	26853.1
3682.72	26862.1
3683.11	26862.1
3683.51	26862.1
3683.9	26862.1
3684.29	26819.2
3684.69	26804.6
3685.08	26766.5
3685.47	26665.3
3685.86	26612.5
3686.26	26604.8
3686.65	26598.6
3687.04	26598.6
3687.43	26587.7
3687.83	26587.7
3688.22	26598.6
3688.61	26587.7
3689	26587.7
3689.4	26587.6
3689.79	26586.9
3690.18	26578
3690.57	26586.9
3690.97	26587.7
3691.36	26586.9
3691.75	26586.9
3692.14	26618.6
3692.54	26586.9
3692.93	26586.9
3693.32	26561.1
3693.71	26561.1
3694.1	26559.9
3694.5	26559.9
3694.89	26514
3695.28	26339.6
3695.67	26381.7
3696.06	26277.3
3696.46	26277.3
3696.85	26277.3
3697.24	26373.6
3697.63	26373.6
3698.02	26277.3
3698.41	26335.6
3698.81	26373.6
3699.2	26373.6
3699.59	26378.1
3699.98	26378.1
3700.37	26378.1
3700.76	26378.1
3701.15	26389.2
3701.55	26389.2
3701.94	26349.4
3702.33	26349.4
3702.72	26349.4
3703.11	26349.4
3703.5	26349.4
3703.89	26333.6
3704.28	26326
3704.68	26326
3705.07	26303.1
3705.46	26224.8
3705.85	26166.9
3706.24	26166.9
3706.63	26126.9
3707.02	26126.9
3707.41	26123.5
3707.8	26126.9
3708.19	26127.2
3708.58	26135
3708.97	26135
3709.37	26166.9
3709.76	26166.9
3710.15	26135
3710.54	26135
3710.93	26180.8
3711.32	26191.3
3711.71	26191.3
3712.1	26191.3
3712.49	26180.8
3712.88	26175.9
3713.27	26175.9
3713.66	26072.1
3714.05	26000.6
3714.44	25948.5
3714.83	25893
3715.22	25868
3715.61	25868
3716	25868
3716.39	25893
3716.78	25940.8
3717.17	25868
3717.56	25940.8
3717.95	25894.2
3718.34	25894.2
3718.73	25940.8
3719.12	25963.9
3719.51	25963.9
3719.9	25963.9
3720.29	25968.7
3720.68	25975.4
3721.07	25968.7
3721.46	25975.4
3721.85	25975.4
3722.24	25975.4
3722.62	25975.4
3723.01	25960.2
3723.4	25950.4
3723.79	25950.4
3724.18	25913.8
3724.57	25905
3724.96	25900.6
3725.35	25834
3725.74	25834
3726.13	25834
3726.52	25834
3726.91	25834
3727.3	25832.1
3727.68	25861.6
3728.07	25861.6
3728.46	25871.2
3728.85	25861.6
3729.24	25861.6
3729.63	25861.6
3730.02	25819.2
3730.41	25779
3730.8	25773.4
3731.18	25749
3731.57	25709.3
3731.96	25691.2
3732.35	25691.2
3732.74	25691.2
3733.13	25689.8
3733.51	25689.8
3733.9	25689.8
3734.29	25646
3734.68	25620
3735.07	25599.1
3735.46	25573.5
3735.84	25511.2
3736.23	25495.8
3736.62	25495.8
3737.01	25684.6
3737.4	25679.4
3737.78	25673.9
3738.17	25667.8
3738.56	25661.8
3738.95	25655.7
3739.34	25649.3
3739.72	25642.1
3740.11	25635.4
3740.5	25630.5
3740.89	25626.5
3741.28	25622.6
3741.66	25618.7
3742.05	25614.8
3742.44	25610.3
3742.83	25444.8
3743.21	25537.7
3743.6	25579.1
3743.99	25672.7
3744.37	25672.7
3744.76	25672.7
3745.15	25672.7
3745.54	25672.7
3745.93	25644.9
3746.31	25643.1
3746.7	25643.1
3747.09	25619.9
3747.47	25588
3747.86	25587.6
3748.25	25557.3
3748.64	25548.3
3749.02	25548.3
3749.41	25548.3
3749.8	25548.3
3750.18	25492.1
3750.57	25492.1
3750.96	25550.1
3751.34	25550.1
3751.73	25557.3
3752.12	25563
3752.5	25571.9
3752.89	25621.6
3753.28	25621.6
3753.66	25637.3
3754.05	25637.3
3754.44	25637.3
3754.82	25637.3
3755.21	25621.6
3755.59	25621.6
3755.98	25579.1
3756.37	25545.5
3756.75	25544.7
3757.14	25533.7
3757.53	25406.6
3757.91	25406.6
3758.3	25336.6
3758.69	25336.6
3759.07	25336.6
3759.46	25336.6
3759.84	25336.6
3760.23	25388.8
3760.61	25390.2
3761	25419.3
3761.39	25461.1
3761.77	25461.1
3762.16	25461.1
3762.54	25461.1
3762.93	25461.1
3763.32	25455.9
3763.7	25388.8
3764.09	25387.4
3764.47	25375.3
3764.86	25276.2
3765.24	25126
3765.63	25115.5
3766.01	25353.2
3766.4	25353
3766.78	25353.5
3767.17	25353.2
3767.56	25353.1
3767.94	25353.1
3768.33	25352.9
3768.71	25352.3
3769.1	25350.7
3769.48	25347.5
3769.87	25205.2
3770.25	25282.2
3770.64	25422.3
3771.02	25422.9
3771.41	25422.9
3771.79	25422.9
3772.18	25422.9
3772.56	25430.9
3772.95	25486.5
3773.33	25486.5
3773.72	25486.5
3774.1	25419
3774.48	25390.6
3774.87	25390.6
3775.25	25384.8
3775.64	25384.8
3776.02	25329.2
3776.41	25312.7
3776.79	25309
3777.18	25224.9
3777.56	25209.1
3777.94	25170.8
3778.33	25146.7
3778.71	25127
3779.1	25122.5
3779.48	25261.3
3779.87	25122.5
3780.25	25116.8
3780.63	25116.8
3781.02	25101.8
3781.4	25101.8
3781.78	25116.8
3782.17	25116.8
3782.55	25145.7
3782.94	25145.7
3783.32	25153.2
3783.7	25174
3784.09	25226
3784.47	25226
3784.86	25186.6
3785.24	25186.6
3785.62	25174
3786.01	25174
3786.39	25166.3
3786.77	25174
3787.16	25186.6
3787.54	25186.6
3787.92	25186.6
3788.31	25177.8
3788.69	25186.6
3789.07	25227.1
3789.46	25279.6
3789.84	25284.5
3790.22	25284.5
3790.61	25296.8
3790.99	25310.7
3791.37	25296.8
3791.76	25310.7
3792.14	25326.6
3792.52	25326.6
3792.91	25326.6
3793.29	25374.6
3793.67	25382.3
3794.05	25374.6
3794.44	25326.6
3794.82	25265.8
3795.2	25249.8
3795.58	25232.4
3795.97	25212.3
3796.35	25202.5
3796.73	25202.5
3797.12	25212.3
3797.5	25212.3
3797.88	25202.5
3798.26	25199.1
3798.65	25151.7
3799.03	25151.7
3799.41	25151.7
3799.79	25151.7
3800.17	25151.7
3800.56	25178.2
3800.94	25199.5
3801.32	25178.2
3801.7	25151.7
3802.08	25099
3802.47	25099
3802.85	25099
3803.23	25097.3
3803.61	25096.9
3803.99	25094.7
3804.38	25094.7
3804.76	25094.6
3805.14	25090
3805.52	25090
3805.9	25090
3806.28	25088.2
3806.67	25088.2
3807.05	25026.1
3807.43	25026.1
3807.81	25026.1
3808.19	25026.1
3808.57	25026.1
3808.96	25026.1
3809.34	25066
3809.72	25072.4
3810.1	25076
3810.48	25118.3
3810.86	25148.5
3811.24	25148.5
3811.62	25156.4
3812.01	25156.4
3812.39	25156.4
3812.77	25146
3813.15	25146
3813.53	25146
3813.91	25146
3814.29	25146
3814.67	25146
3815.06	25143
3815.43	25143
3815.82	25129.9
3816.2	25129.9
3816.58	25127.4
3816.96	25127.4
3817.34	25125.6
3817.72	25125.6
3818.1	25120
3818.48	25072.9
3818.86	25072.9
3819.24	25125.6
3819.62	25125.6
3820	25074.8
3820.38	25125.6
3820.76	25095.6
3821.14	25095.6
3821.52	25079.2
3821.91	25074.8
3822.28	25074.8
3822.67	25074.8
3823.04	25012.2
3823.43	24981.3
3823.81	24944.7
3824.19	24944.7
3824.57	24944.7
3824.95	24944.7
3825.33	24981.3
3825.71	24944.7
3826.09	24981.3
3826.46	24995.9
3826.84	24995.9
3827.22	24995.9
3827.6	24995.9
3827.98	24995.9
3828.36	24968.9
3828.74	24965.4
3829.12	24953
3829.5	24950.4
3829.88	24950.4
3830.26	24900
3830.64	24897.4
3831.02	24843.3
3831.4	24845.8
3831.78	24845.8
3832.16	24845.8
3832.54	24845.8
3832.92	24845.8
3833.3	24845.8
3833.67	24853
3834.05	24896
3834.43	24926.4
3834.81	24926.4
3835.19	24994.8
3835.57	24994.8
3835.95	24926.4
3836.33	24913.2
3836.71	24913.2
3836.95	24896
3837.33	24896
3837.71	24892.2
3838.1	24887.2
3838.48	24887.2
3838.87	24887.2
3839.25	24887.2
3839.64	24887.2
3840.02	24892.2
3840.4	24887.2
3840.79	24887.2
3841.17	24831.2
3841.56	24830.6
3841.94	24830.6
3842.32	24830.6
3842.71	24829.7
3843.09	24758.5
3843.48	24755.1
3843.86	24755.1
3844.25	24755.1
3844.63	24751.8
3845.01	24751.8
3845.4	24751.8
3845.78	24751.8
3846.16	24751.8
3846.55	24748.9
3846.93	24744.7
3847.31	24744.7
3847.7	24743.2
3848.08	24772.2
3848.46	24772.2
3848.85	24823.2
3849.23	24833.2
3849.62	24823.2
3850	24823.2
3850.38	24792.2
3850.76	24833.2
3851.15	24846.2
3851.53	24875.2
3851.91	24875.2
3852.3	24846.2
3852.68	24833.2
3853.06	24848.2
3853.45	24806.2
3853.83	24806.2
3854.21	24795.2
3854.6	24795.2
3854.98	24795.2
3855.36	24779.2
3855.74	24717.2
3856.13	24715.2
3856.51	24715.2
3856.89	24715.2
3857.28	24715.2
3857.66	24715.2
3858.04	24715.2
3858.42	24711.2
3858.8	24711.2
3859.19	24711.2
3859.57	24711.2
3859.95	24696.2
3860.33	24711.2
3860.72	24711.2
3861.1	24711.2
3861.48	24711.2
3861.86	24711.2
3862.25	24711.2
3862.63	24720.2
3863.01	24711.2
3863.39	24711.2
3863.77	24711.2
3864.16	24711.2
3864.54	24643.2
3864.92	24643.2
3865.3	24633.2
3865.68	24633.2
3866.07	24643.2
3866.45	24620.2
3866.83	24569.2
3867.21	24620.2
3867.59	24643.2
3867.97	24643.2
3868.36	24637.2
3868.74	24637.2
3869.12	24637.2
3869.5	24687.2
3869.88	24637.2
3870.27	24637.2
3870.65	24779.2
3871.03	24800.2
3871.41	24779.2
3871.79	24637.2
3872.17	24636.2
3872.55	24797.2
3872.93	24797.2
3873.32	24762.2
3873.7	24682.2
3874.08	24682.2
3874.46	24656.2
3874.84	24651.2
3875.22	24611.2
3875.6	24611.2
3875.98	24651.2
3876.36	24651.2
3876.75	24625.2
3877.13	24611.2
3877.51	24547.2
3877.89	24510.2
3878.27	24547.2
3878.65	24547.2
3879.03	24547.2
3879.41	24547.2
3879.79	24547.2
3880.17	24547.2
3880.55	24625.2
3880.93	24551.2
3881.31	24551.2
3881.69	24551.2
3882.07	24551.2
3882.46	24551.2
3882.83	24541.2
3883.22	24541.2
3883.6	24541.2
3883.98	24541.2
3884.36	24529.2
3884.74	24525.2
3885.12	24519.2
3885.5	24519.2
3885.88	24519.2
3886.26	24519.2
3886.64	24497.2
3887.02	24519.2
3887.4	24497.2
3887.78	24497.2
3888.16	24401.2
3888.54	24467.2
3888.92	24467.2
3889.3	24467.2
3889.68	24467.2
3890.05	24512.2
3890.44	24467.2
3890.81	24467.2
3891.19	24467.2
3891.57	24467.2
3891.95	24467.2
3892.33	24467.2
3892.71	24418.2
3893.09	24474.2
3893.47	24374.2
3893.85	24374.2
3894.23	24358.2
3894.61	24374.2
3894.99	24377.2
3895.37	24374.2
3895.75	24374.2
3896.13	24361.2
3896.5	24361.2
3896.88	24361.2
3897.26	24361.2
3897.64	24377.2
3898.02	24448.2
3898.4	24469.2
3898.78	24469.2
3899.16	24469.2
3899.54	24469.2
3899.92	24469.2
