20.2024	12505.3
20.8787	13170.3
21.5551	13920.3
22.2313	14412.3
22.9076	15034.3
23.586	15329.3
24.2622	15362.3
24.9383	15834.3
25.6143	16411.3
26.2903	16743.3
26.9662	17531.3
27.6421	17326.3
28.318	18007.3
28.9938	18043.3
29.6696	17868.3
30.3453	18329.3
31.0209	18476.3
31.6965	18554.3
32.3721	18604.3
33.0476	18680.3
33.7231	18818.3
34.3985	19758.3
35.0739	20576.3
35.7493	20860.3
36.4245	21221.3
37.0975	21564.3
37.7727	21950.3
38.4478	22090.3
39.1229	21532.3
39.798	21903.3
40.473	22198.3
41.1479	22016.3
41.8228	22455.3
42.4954	22955.3
43.1702	23243.3
43.845	23570.3
44.5197	23686.3
45.1944	23820.3
45.8667	23914.3
46.5413	23760.3
47.2159	23775.3
47.8903	23946.3
48.5648	24019.3
49.2369	24349.3
49.9112	24420.3
50.5855	24634.3
51.2598	24490.3
51.9317	24329.3
52.6059	24467.3
53.28	24441.3
53.9518	24008.3
54.6258	24139.3
55.2998	23995.3
55.9714	24354.3
56.6453	24044.3
57.3191	24048.3
57.9906	24322.3
58.6643	24848.3
59.338	24066.2
60.0094	24066.1
60.683	24461.9
61.3542	24868.3
62.0277	24768.3
62.7012	24154.3
63.3723	23986.3
64.0457	24263.3
64.7167	24499.3
65.39	24259.3
66.0609	24123.3
66.7341	24486.3
67.4049	24099.3
68.078	23667.3
68.7488	24154.3
69.4218	23567.3
70.0924	23826.3
70.7653	23402.3
71.4359	23436.3
72.1087	23611.3
72.7792	23658.3
73.4519	23931.3
74.1223	23551.3
74.7949	24097.3
75.4652	23922.3
76.1354	24312.3
76.8079	24356.3
77.478	23980.3
78.1504	23327.3
78.8204	23287.3
79.4905	23234.7
80.1627	23162.3
80.8326	23055.3
81.5025	23275.3
82.1746	23270.3
82.8444	23291.3
83.5141	23504.3
84.1861	23360.3
84.8557	23371.3
85.5253	23204.3
86.1971	22919.3
86.8666	22455.3
87.536	22308.3
88.2054	22443.3
88.8771	22498.3
89.5464	22567.3
90.2157	22375.3
90.8849	22826.3
91.554	22872.3
92.2254	23181.3
92.8945	22975.3
93.5636	22826.3
94.2325	22719.3
94.9015	22525.3
95.5704	22386.3
96.2415	22136.3
96.9103	22410.3
97.5791	22218.3
98.2478	22100.3
98.9164	22034.3
99.585	21780.3
100.254	21850.3
100.922	21899.3
101.591	21790.3
102.261	21940.3
102.93	21379.3
103.598	21262.3
104.266	21620.3
104.935	21412.3
105.603	21269.3
106.271	21427.3
106.939	21805.3
107.607	21870.3
108.275	21544.3
108.943	21346.3
109.611	21207.3
110.279	20881.3
110.947	21097.3
111.614	20897.3
112.28	20774.3
112.948	21018.3
113.615	21095.3
114.283	20842.3
114.95	21439.3
115.618	21100
116.285	20904.3
116.953	21398.3
117.62	20906.3
118.285	20396.3
118.952	20056.3
119.62	19875.3
120.287	20148.7
120.954	19904.3
121.621	20110.3
122.286	20026.3
122.953	19914.3
123.62	19754.3
124.287	20173.3
124.954	20044.3
125.618	19790.3
126.285	19973.3
126.952	19770.3
127.618	19739.3
128.283	19324.3
128.949	19608.3
129.616	19742.3
130.28	19882.3
130.946	19700.3
131.613	19790.3
132.277	19473.3
132.943	19289.3
133.61	19178.3
134.273	19202.3
134.94	19384.3
135.606	19305.3
136.27	19220.3
136.936	18947.3
137.599	19267.3
138.265	19269.3
138.931	19236.3
139.595	19148.3
140.261	19517.3
140.924	19293.3
141.59	19018.3
142.253	18821.3
142.919	18816.3
143.582	18602.3
144.248	18819.3
144.911	19000.3
145.576	18772.3
146.239	18584.3
146.905	18589.3
147.568	18571.3
148.233	18062.3
148.896	18485.3
149.561	18376.3
150.224	18164.3
150.889	18422.3
151.552	18012.3
152.214	18192.3
152.879	18100.3
153.542	18320.3
154.207	18594.3
154.869	18231.3
155.532	18084.3
156.197	18011.3
156.859	18002.3
157.521	18052.3
158.186	17986.3
158.848	17981.3
159.51	17948.3
160.175	17731.3
160.837	17630.3
161.499	17631.3
162.161	17656.3
162.825	17777.3
163.487	17755.3
164.149	17450.3
164.811	17256.3
165.475	17539.3
166.137	17223.3
166.798	17311.3
167.46	17061.3
168.122	17374.3
168.786	16908.3
169.447	17300.3
170.109	17080.3
170.77	17192.3
171.431	17381.3
172.093	17450.3
172.754	17309.3
173.418	17701.3
174.079	17450.3
174.74	17554.3
175.401	17300.3
176.062	17268.3
176.723	17033.3
177.384	17094.3
178.045	17238.3
178.706	17241.3
179.367	17322.3
180.028	17221.3
180.688	16992.3
181.349	16960.3
182.01	17295.3
182.67	17170.3
183.331	17452.3
183.991	17005.3
184.652	17270.3
185.312	16843.3
185.973	17015.3
186.633	17058.3
187.293	17214.3
187.954	17260.3
188.614	17245.9
189.274	17238.8
189.934	17227.8
190.594	17222.6
191.252	17215.7
191.912	17203.3
192.572	17102.3
193.232	17078.3
193.892	16945.3
194.551	17276.3
195.209	17312.3
195.869	17205.3
196.528	17203.3
197.188	17120.3
197.848	17036.3
198.505	16875.3
199.164	17003.3
199.824	17002.3
200.483	16945.3
201.14	16929.3
201.8	17226.3
202.459	16896.3
203.118	17015.3
203.775	17039.3
204.434	17183.3
205.093	17191.3
205.75	16954.3
206.409	16986.3
207.068	17159.3
207.725	16946.3
208.383	16895.3
209.042	17152.3
209.699	16919.3
210.357	17164.3
211.016	17150.3
211.672	17090.3
212.331	17158.3
212.987	17209.3
213.646	17337.3
214.302	17409.3
214.96	17426.3
215.619	17526.3
216.275	16994.3
216.933	17058.3
217.589	17229.3
218.247	17059.3
218.903	16890.3
219.561	17079.3
220.217	17238.3
220.875	17300.3
221.531	17129.3
222.186	17360.3
222.844	17363.3
223.5	17108.3
224.158	17334.3
224.813	17259.3
225.471	17204.3
226.126	17197.3
226.781	17410.8
227.439	17422.4
228.094	17434.7
228.749	17029.3
229.407	17211.3
230.062	17149.3
230.719	17475.5
231.374	17487.3
232.029	17252.3
232.684	17209.3
233.341	17531.2
233.996	17351.3
234.651	17150.3
235.308	17250.3
235.963	17457.3
236.617	17212.3
237.272	17582.3
237.929	17864.3
238.583	17676.3
239.238	17709.3
239.892	17583.3
240.547	17642.3
241.203	17503.3
241.858	17934.3
242.512	18004.3
243.166	17775.3
243.82	17734.3
244.475	17671.3
245.131	17758.3
245.785	17663.3
246.439	18054.3
247.093	18055.3
247.747	17973.3
248.401	18103.3
249.054	17853.3
249.708	17921.3
250.362	17828.3
251.016	18073.3
251.669	18019.3
252.323	17957.3
252.977	18149.3
253.632	18117.3
254.286	17636.3
254.939	17948.3
255.593	17933.3
256.244	18217.3
256.897	18072.3
257.55	18253.3
258.203	18219.3
258.857	18001.3
259.51	17920.3
260.163	18187.3
260.816	18413.3
261.469	18425.3
262.122	18248.3
262.775	18220.3
263.427	18166.3
264.08	18186.3
264.731	18229.3
265.383	18496.3
266.036	18629.3
266.689	18592.3
267.341	18404.3
267.994	18672.3
268.644	18601.3
269.296	18362.3
269.949	18511.3
270.601	18695.3
271.254	18767.3
271.904	18816.3
272.556	18850.3
273.208	18655.3
273.86	18556.3
274.51	18900.3
275.162	18870.3
275.814	18804.3
276.464	18791.3
277.116	18839.3
277.767	18751.3
278.417	18930.3
279.069	19034.3
279.721	18942.3
280.37	19401.3
281.022	19050.3
281.673	18926.3
282.323	19251.3
282.974	19041.3
283.623	19210.3
284.275	19072.3
284.926	19414.3
285.575	19306.3
286.227	19287.3
286.876	19008.3
287.527	19055.3
288.176	19119.3
288.827	19243.3
289.476	19673.3
290.127	19546.3
290.775	19464.3
291.426	19253.3
292.075	19137.3
292.726	19210.3
293.374	19328.3
294.025	19329.4
294.674	19184.3
295.324	19114.3
295.973	19395.2
296.621	19417.7
297.272	19442.5
297.92	19466.2
298.57	19494.3
299.219	19519.7
299.867	19541.2
300.517	19562.1
301.165	19155.3
301.813	19607.3
302.463	19541.3
303.111	19962.3
303.759	19950.3
304.409	19910.3
305.057	19170.3
305.705	19608.3
306.352	19540.3
307.002	19273.3
307.65	19837.3
308.297	19397.3
308.945	19743.3
309.594	19738.3
310.242	19786.3
310.889	20138.3
311.537	19958.3
312.186	19818.3
312.833	19993.3
313.481	20043.3
314.128	20201.3
314.775	20068.3
315.422	19850.3
316.069	19866.3
316.718	19926.3
317.365	20280.3
318.012	20179.3
318.659	20291.3
319.306	20126.3
319.953	20165.3
320.599	20114.3
321.246	20426.3
321.893	20746.3
322.539	20521.3
323.186	20523.3
323.832	20413.3
324.479	20330.3
325.125	20386.3
325.771	20601.3
326.418	20529.3
327.064	20616.3
327.71	20787.3
328.357	20656.3
329.003	20800.3
329.649	20468.3
330.295	20465.3
330.941	20649.3
331.587	20834.3
332.233	21262.3
332.879	20823.3
333.525	20600.3
334.168	20836.3
334.814	21071.3
335.46	20834.3
336.105	21093.3
336.751	20856.3
337.397	21184.3
338.042	21090.3
338.685	21040.3
339.331	21459.3
339.976	21087.3
340.622	21536.3
341.265	21012.3
341.91	21642.3
342.555	21460.3
343.2	21178.3
343.843	21423.3
344.488	21496.3
345.134	21498.3
345.779	21422.3
346.421	21475.3
347.066	21428.3
347.711	21506.3
348.354	21623.3
348.999	21518.3
349.643	21972.3
350.286	22129.3
350.931	21734.3
351.575	21870.3
352.218	21865.3
352.862	21880.3
353.504	21962.3
354.149	21924.3
354.793	22256.3
355.435	21899.3
356.08	22130.3
356.722	21874.3
357.366	21882.3
358.008	22098.3
358.652	22109.3
359.294	22163.3
359.938	22502.3
360.58	22414.3
361.224	22589.3
361.866	22274.3
362.509	22226.3
363.151	22566.3
363.795	22545.3
364.436	22583.3
365.08	22689.3
365.722	22941.3
366.363	22422.3
367.007	22592.3
367.648	22547.3
368.291	22834.3
368.933	23125.3
369.574	22919.3
370.217	22611.3
370.858	22839.3
371.499	22720.3
372.143	22798.3
372.784	23015.3
373.425	23153.3
374.068	23381.3
374.709	23222.3
375.349	23081.3
375.99	23137.3
376.633	23119.3
377.274	23076.3
377.914	23243.3
378.555	23752.3
379.198	23623.3
379.838	23537.3
380.479	23860.3
381.119	23556.3
381.76	23467.3
382.402	23786.3
383.042	23602.3
383.683	23795.3
384.323	23788.3
384.963	23859.3
385.603	23447.3
386.243	23799.3
386.883	23438.3
387.525	24037.3
388.165	23932.3
388.805	23926.3
389.445	24221.3
390.085	23800.3
390.725	23488.3
391.364	24245.3
392.004	24113.3
392.644	24164.3
393.283	24484.3
393.923	24170.3
394.562	24277.3
395.202	23949.3
395.841	24258.3
396.481	24690.3
397.12	24499.3
397.759	24459.3
398.399	24762.3
399.038	24489.3
399.677	24455.3
400.316	24981.3
400.953	24810.3
401.592	25035.3
402.231	24787.3
402.87	24882.3
403.509	24664.3
404.148	24431.3
404.787	24875.3
405.426	24832.3
406.062	25233.3
406.701	24785.3
407.339	25185.3
407.978	24839.3
408.617	24830.3
409.253	25188.3
409.891	25019.3
410.53	25442.3
411.168	25569.3
411.804	25326.3
412.443	25506.3
413.081	25209.3
413.719	25237.3
414.355	25607.3
414.993	25434.3
415.631	25674.3
416.267	25434.3
416.905	25751.3
417.543	25827.3
418.179	25220.3
418.817	25681.3
419.453	25875.3
420.09	25994.3
420.728	25978.3
421.364	26134.3
422.001	25952.3
422.637	25826.3
423.274	25577.3
423.912	25906.3
424.547	25954.3
425.185	26101.3
425.82	26009.3
426.457	26069.3
427.092	25929.3
427.73	26018.3
428.365	25687.3
429.002	26109.3
429.637	26478.3
430.274	26724.3
430.909	26729.3
431.546	26903.3
432.181	26577.3
432.815	26555.3
433.452	26754.3
434.087	27011.3
434.724	26746.3
435.358	27158.3
435.993	27161.3
436.63	27077.3
437.264	27159.3
437.901	27169.3
438.535	27081.3
439.169	27206.3
439.806	27388.3
440.44	27316.3
441.074	27485.3
441.708	27307.3
442.345	27241.3
442.979	27436.3
443.613	27549.3
444.247	27564.3
444.883	27369.3
445.517	27362.3
446.151	27269.3
446.785	27689.3
447.421	27385.3
448.054	27502.3
448.688	27796.3
449.322	27834.3
449.955	27865.3
450.591	27739.3
451.224	27524.3
451.858	27855.3
452.491	27776.3
453.125	28127.3
453.758	27861.3
454.391	28019.3
455.025	27807.3
455.658	27737.3
456.293	27678.3
456.926	27590.3
457.56	27987.3
458.193	28069.3
458.826	28225.3
459.459	28112.3
460.091	27887.3
460.724	27945.3
461.357	27870.3
461.99	28110.3
462.623	27984.3
463.255	27924.3
463.888	28082.3
464.521	28090.3
465.153	27583.3
465.784	27982.3
466.416	28067.3
467.049	27801.3
467.681	27981.3
468.313	28050.3
468.946	27970.3
469.578	27827.3
470.21	27402.3
470.843	27800.3
471.473	27945.3
472.105	27740.3
472.737	27614.3
473.369	27497.3
474.001	27872.3
474.631	27677.3
475.262	27535.3
475.894	28111.3
476.526	27968.3
477.158	27746.3
477.787	27817.3
478.419	27747.3
479.051	27228.3
479.682	27852.3
480.312	27360.3
480.943	27829.3
481.575	28108.3
482.204	27867.3
482.836	28011.3
483.467	27567.3
484.096	27665.3
484.727	27541.3
485.359	27713.3
485.988	27777.3
486.619	27838.3
487.248	27510.3
487.879	27200.3
488.51	27324.3
489.139	26989.2
489.77	27020.9
490.398	27194.6
491.029	26782.1
491.658	26982.2
492.288	26644.5
492.917	26777.2
493.548	26328.3
494.176	26299.7
494.807	26133.4
495.435	26325.9
496.066	26247.6
496.694	25972.1
497.324	25450.8
497.953	25475.9
498.583	25122.8
499.211	25216.1
499.839	25131.5
500.469	25140.6
501.098	24703.4
501.728	24198.6
502.356	24076.4
502.983	23469.2
503.613	23521.8
504.241	23391.9
504.869	23443.9
505.499	22932.4
506.127	22721.2
506.754	22358.4
507.384	22342.6
508.012	22169.2
508.639	22042.4
509.267	22018.5
509.896	22070
510.523	21665.4
511.151	21194.4
511.778	20940
512.408	20830.5
513.035	20713.5
513.662	20587.7
514.289	20296.1
514.916	20281
515.545	19983.2
516.172	19842.6
516.799	19721.4
517.426	19596.3
518.053	19159
518.68	18985.3
519.307	18937.4
519.934	18955.1
520.562	18599.3
521.189	18432.9
521.816	18394.9
522.442	18335.6
523.069	18223.7
523.695	17845.3
524.322	18120.5
524.948	17706.1
525.575	17578.8
526.201	17410.2
526.827	17225.2
527.454	17172.3
528.08	17158.9
528.706	16950.9
529.332	16884
529.958	16806.4
530.584	16701.5
531.21	16485.1
531.834	16494.3
532.46	16537.9
533.086	16355.2
533.712	16272.3
534.338	16165.4
534.963	15964.9
535.589	16003.4
536.215	15888.1
536.838	15738.2
537.464	15657.2
538.089	15708.2
538.715	15587.9
539.34	15586.9
539.964	15504.6
540.589	15224
541.214	15303.3
541.84	14823.6
542.465	15261.4
543.088	15004.9
543.713	14953
544.338	14871.3
544.961	14826.8
545.586	14750.3
546.211	14792.6
546.836	14996
547.459	14702.3
548.084	14628.4
548.706	14864.1
549.331	14550.1
549.956	14587.4
550.579	14207.3
551.203	14364.8
551.828	14185.1
552.45	14396.7
553.075	14541.4
553.697	14165.8
554.322	14192.1
554.944	14248.8
555.568	14036.3
556.193	14296.8
556.815	13980.2
557.439	14323.4
558.061	14396
558.685	13917.7
559.307	13877.9
559.931	13988.9
560.553	14095.3
561.175	14133
561.799	13911.2
562.421	13962.5
563.045	14000.4
563.667	13818.6
564.29	14022.1
564.912	14022.3
565.534	14003.9
566.157	13926.5
566.779	14007.3
567.4	13975.5
568.024	13753.5
568.645	13873.9
569.269	13852.4
569.89	13749.8
570.511	13854.1
571.132	13800.8
571.756	13800.8
572.377	13776.9
572.998	13612.5
573.621	13661
574.242	13688.5
574.863	13824.1
575.484	13604.3
576.105	13662.4
576.728	13759.7
577.349	13612.6
577.969	13629.8
578.59	13474.6
579.211	13462.6
579.833	13516.6
580.454	13427.2
581.075	13429.8
581.695	13215.9
582.315	13129.9
582.936	13161.6
583.556	13162.2
584.177	13238.8
584.799	13370.6
585.419	13166
586.04	13167.8
586.66	13160.8
587.28	13035.6
587.9	13227.5
588.52	13183.6
589.14	13171
589.76	13278.4
590.38	13419.4
591	13362.8
591.62	13251.4
592.239	13205.1
592.859	13062.9
593.479	13205.4
594.099	13181.2
594.718	13163.9
595.336	13243.7
595.955	13168.8
596.575	13081.9
597.194	13002.5
597.814	13048.6
598.433	12933.6
599.052	13180.2
599.672	12873.2
600.289	12767.8
600.908	12809.3
601.527	12805.2
602.146	12791.5
602.766	12606.8
603.383	12716.8
604.002	12688
604.621	12565.9
605.24	12656.5
605.856	12492.5
606.475	12608.8
607.094	12420.5
607.713	12457.5
608.329	12513.8
608.948	12255.1
609.567	12220.6
610.183	12128.1
610.802	12032.6
611.42	11951.3
612.037	12043.8
612.655	12012.8
613.273	12082
613.89	11950.5
614.508	12101.2
615.124	11677.5
615.742	11735.9
616.361	11618.3
616.977	11571.7
617.595	11662.7
618.211	11658.8
618.829	11360.9
619.445	11431.1
620.063	11434.2
620.678	11238.1
621.296	11316.7
621.912	11185.9
622.53	11242.9
623.145	11267.6
623.763	11130.7
624.379	11142.9
624.996	10982.8
625.612	11037.2
626.229	11000.7
626.845	10991.3
627.46	10881.3
628.078	10831.3
628.693	10754
629.308	10775
629.925	10761.1
630.54	10840.2
631.158	10820.7
631.773	10786.5
632.388	10830.4
633.003	10720.8
633.62	10712.4
634.235	10687
634.85	10778.2
635.467	10740.1
636.081	10741.2
636.696	10557.2
637.311	10625.8
637.928	10571.2
638.542	10499.2
639.157	10517.8
639.771	10323.2
640.386	10577.8
641.002	10462.3
641.617	10609.2
642.231	10315
642.845	10410
643.46	10310.3
644.074	9990.36
644.688	10408.2
645.305	10035.6
645.919	10509.8
646.533	10348.2
647.147	10233.3
647.761	10471.6
648.375	10450.5
648.989	10311.9
649.603	10149.8
650.216	9987.67
650.83	10064.6
651.444	10139.8
652.058	10261.5
652.671	10089.2
653.285	10192.2
653.899	10265.5
654.512	10368.7
655.126	10236.2
655.739	10093.2
656.353	10244.3
656.966	10207.5
657.579	10148.9
658.193	9979.66
658.804	10022.9
659.417	10219.4
660.03	10145.2
660.643	10111.7
661.257	9961.52
661.87	10068.3
662.483	10007.9
663.094	9862.82
663.706	10232.2
664.319	10164.7
664.932	10152.3
665.545	9981.64
666.156	10130.5
666.769	10049.2
667.381	10072.7
667.994	9946.41
668.604	10101.5
669.217	9978.81
669.83	10173.9
670.44	10051.8
671.052	9877.33
671.665	9941.74
672.277	10003.4
672.888	9864.38
673.5	10062.4
674.11	9733.95
674.722	9615.67
675.311	10017.7
675.932	9974.28
676.55	9836.67
677.171	9863.67
677.789	9894.67
678.408	9843.67
679.028	9956.67
679.647	9993.67
680.267	9866.67
680.885	9878.67
681.506	9893.67
682.124	9735.67
682.742	9607.67
683.362	9950.67
683.98	9801.67
684.599	9803.67
685.219	9685.67
685.837	9636.67
686.455	9954.12
687.075	9793.67
687.692	9626.67
688.31	9621.67
688.93	9960.67
689.548	9781.67
690.165	9565.67
690.783	9681.67
691.403	9647.67
692.02	9639.67
692.638	9827.67
693.255	9887.67
693.873	9884.67
694.492	9985.67
695.11	9979.67
695.727	10107.7
696.344	9885.67
696.961	9971.67
697.579	9987.67
698.198	10084.7
698.815	9829.67
699.432	9922.67
700.049	10005.7
700.666	10061.7
701.283	10009.7
701.9	9960.67
702.517	9788.67
703.134	9678.67
703.752	10012.7
704.369	9924.67
704.986	10037.7
705.603	9961.67
706.219	9792.67
706.836	9840.67
707.452	10286.7
708.069	10011.7
708.685	10010.7
709.302	9932.67
709.918	9955.67
710.534	9924.67
711.151	9883.67
711.765	10022.7
712.381	9817.67
712.997	9952.67
713.613	9994.67
714.229	9693.67
714.845	9900.67
715.461	10038.7
716.077	10057.7
716.693	9945.67
717.307	10051.7
717.923	10114.7
718.539	9971.67
719.154	10027.7
719.77	9961.67
720.386	10044.7
720.999	10199.7
721.615	10160.7
722.23	10087.7
722.846	10045.7
723.461	9986.67
724.075	9945.67
724.69	10151.7
725.305	10171.7
725.919	10092.7
726.534	10242.7
727.149	10093.7
727.764	10110.7
728.377	9974.67
728.992	9973.67
729.608	10132.7
730.22	10278.7
730.835	10128.7
731.45	10087.7
732.063	10128.7
732.678	10041.7
733.291	9952.67
733.906	10112.7
734.52	10299.7
735.133	10268.7
735.748	10255.7
736.36	10223.7
736.975	10182.7
737.589	10232.7
738.202	10405.7
738.816	10273.7
739.428	10299.7
740.043	10629.7
740.655	10259.7
741.269	10302.7
741.881	10336.7
742.496	10314.7
743.108	10367.7
743.72	10249.7
744.334	10432.7
744.946	10611.7
745.56	10395.7
746.172	10310.7
746.786	10200.7
747.397	10205.7
748.009	10069.7
748.623	10009.7
749.234	10270.7
749.848	10172.7
750.46	9967.67
751.071	10159.7
751.685	10057.7
752.296	10314.7
752.908	10128.7
753.519	10328.7
754.133	10638.7
754.744	10674.7
755.355	10621.7
755.969	10620.7
756.58	10757.7
757.191	10560.7
757.802	10646.7
758.415	10730.7
759.026	10933.7
759.637	10882.7
760.248	10841.7
760.859	10573.7
761.472	10802.7
762.083	10793.7
762.693	10663.7
763.304	10900.7
763.915	10829.7
764.526	10994.7
765.138	10805.7
765.749	10889.7
766.359	10932.7
766.97	10835.7
767.58	11120.7
768.191	11065.7
768.801	11093.7
769.411	10970.7
770.022	11008.7
770.632	11168.7
771.242	10844.7
771.852	11213.7
772.463	11318.7
773.073	11415.7
773.683	11346.7
774.293	11698.7
774.903	11382.7
775.513	11368.7
776.122	11420.7
776.732	11450.7
777.342	11290.7
777.952	11385.7
778.562	11374.7
779.171	11357.7
779.781	11530.7
780.391	11453.7
781	11493.7
781.608	11560.7
782.217	11593.7
782.827	11590.7
783.436	11667.7
784.045	11514.7
784.655	11523.7
785.262	11674.7
785.871	11782.7
786.48	11467.7
787.089	11655.7
787.699	11623.7
788.306	11659.7
788.915	11736.7
789.524	11651.7
790.133	11628.7
790.739	11641.7
791.348	11972.7
791.957	11821.7
792.564	11842.7
793.173	11794.7
793.781	11851.7
794.39	11709.7
794.997	11688.7
795.605	11882.7
796.212	11835.7
796.82	11665.7
797.429	11852.7
798.035	11777.7
798.644	11782.7
799.252	11623.7
799.858	11779.7
800.466	11923.7
801.073	12027.7
801.681	11725.7
802.287	11984.7
802.895	11715.7
803.501	11789.7
804.109	11872.7
804.717	11470.7
805.323	11803.7
805.931	11352.7
806.537	11394.7
807.142	11813.7
807.75	11545.7
808.356	11591.7
808.964	11643.7
809.569	11714.7
810.177	11712.7
810.782	11747.7
811.39	11749.7
811.995	11467.7
812.601	11457.7
813.208	11556.7
813.814	11620.7
814.419	11709.7
815.026	11605.7
815.631	11435.7
816.237	11517.7
816.844	11407.7
817.449	11475.7
818.054	11343.7
818.661	11384.7
819.266	11548.7
819.871	11341.7
820.476	11292.7
821.083	11161.7
821.688	11133.7
822.292	11220.7
822.897	11323.7
823.504	11304.7
824.109	11306.7
824.713	11282.7
825.318	11153.7
825.922	10895.7
826.529	11136.7
827.133	11180.7
827.738	10999.7
828.342	10969.7
828.946	11121.7
829.551	10950.7
830.155	10973.7
830.761	10963.7
831.365	10824.7
831.97	10636.7
832.574	10889.7
833.178	10893.7
833.782	10782.7
834.386	10975.7
834.99	10716.7
835.594	10622.7
836.197	10523.7
836.801	10447.7
837.405	10639.7
838.009	10638.7
838.612	10671.7
839.216	10625.7
839.82	10377.7
840.423	10483.7
841.027	10388.7
841.63	10389.7
842.234	10412.7
842.837	10456.7
843.439	10384.7
844.042	10378.7
844.645	10194.7
845.249	10334.7
845.852	10260.7
846.455	10395.7
847.058	10385.7
847.661	10304.7
848.262	10188.7
848.865	10274.7
849.468	10136.7
850.071	10113.7
850.674	10221.7
851.275	10159.7
851.878	10191.7
852.481	10332.7
853.083	10283.7
853.684	10312.7
854.287	10170.7
854.889	10125.7
855.492	10108.7
856.092	10342.7
856.695	10106.7
857.297	10279.7
857.898	10342.7
858.5	10234.7
859.103	10031.7
859.703	10026.7
860.305	10313.7
860.905	10384.7
861.507	10289.7
862.11	10273.7
862.71	10407.7
863.312	10368.7
863.912	10305.7
864.514	10402.7
865.116	10316.7
865.716	10400.7
866.317	10315.7
866.917	10358.7
867.519	10418.7
868.119	10345.7
868.72	10324.7
869.32	10168.7
869.922	10269.7
870.521	10339.7
871.123	10441.7
871.722	10485.7
872.322	10624.7
872.923	10263.7
873.523	10446.7
874.124	10351.7
874.723	10495.7
875.325	10644.7
875.924	10555.7
876.523	10683.7
877.124	10701.7
877.723	10666.7
878.322	10583.7
878.923	10632.7
879.522	10428.7
880.121	10773.7
880.722	10766.7
881.321	10807.7
881.92	10786.7
882.518	10734.7
883.119	10777.7
883.718	10783.7
884.317	10827.7
884.915	10827.7
885.516	10935.7
886.114	10926.7
886.713	10961.7
887.311	10832.7
887.912	10884.7
888.51	10833.7
889.109	10878.7
889.707	11096.7
890.305	11179.7
890.903	11059.7
891.501	10988.7
892.102	10917.7
892.7	10824.7
893.298	11120.7
893.896	10823.7
894.494	11451.7
895.092	11125.7
895.69	11159.7
896.288	11077.7
896.885	11197.7
897.483	11206.7
898.081	11163.7
898.679	11309.7
899.276	11359.7
899.874	11411.7
900.472	11112.7
901.069	11351.7
901.667	11253.7
902.264	11151.7
902.862	11372.7
903.459	11543.7
904.056	11532.7
904.654	11482.7
905.251	11736.7
905.848	11298.7
906.445	11357.7
907.04	11315.7
907.638	11534.7
908.235	11478.7
908.832	11540.7
909.429	11167.7
910.026	11328.7
910.621	11436.7
911.218	11658.7
911.814	11670.7
912.411	11815.7
913.008	11834.7
913.603	11938.7
914.199	11526.7
914.796	11709.7
915.393	11850.7
915.987	11654.7
916.584	11719.7
917.18	11871.7
917.777	11926.7
918.371	11921.7
918.967	11850.7
919.564	12165.7
920.158	11896.7
920.754	11657.7
921.351	11915.7
921.945	11916.7
922.541	11952.7
923.135	12093.7
923.731	12142.7
924.327	12132.7
924.921	11820.7
925.517	11826.7
926.111	12113.7
926.707	12158.7
927.301	12313.7
927.896	12019.7
928.492	12066.7
929.086	12215.7
929.682	12168.5
930.275	12205
930.871	12267.3
931.464	12294.6
932.058	12258
932.653	12301.5
933.247	12248.2
933.842	12089.3
934.435	12208
935.031	12335.6
935.624	12549.1
936.217	12290.5
936.813	12568.6
937.406	12330.7
938.001	12512.6
938.594	12507
939.187	12539.6
939.782	12397.4
940.375	12500.5
940.968	12641.6
941.563	12855
942.156	12752.9
942.748	12573.8
943.341	12575.3
943.936	12654.1
944.529	12577.8
945.121	12637.7
945.716	12457.9
946.308	12620.5
946.901	12618.9
947.493	12503
948.086	12511.6
948.68	12770.1
949.273	12687
949.865	12802.4
950.457	12854.4
951.05	12660.6
951.642	12825.8
952.236	12845
952.828	12993.9
953.42	12898.8
954.012	12974.2
954.604	13039.7
955.196	12851.7
955.788	12879
956.38	12996.7
956.972	13061.1
957.564	12804.3
958.156	12995.4
958.748	13145.6
959.339	12986.1
959.931	13152
960.523	13223.9
961.114	13210.8
961.706	13135.4
962.297	13145.3
962.889	13164.7
963.48	13158.2
964.072	13301
964.663	13260.9
965.255	13344.6
965.846	13293.1
966.437	13244.1
967.028	13366.5
967.62	13314.8
968.209	13337.7
968.8	13522.2
969.391	13368
969.982	13547.8
970.573	13457.4
971.164	13460.2
971.753	13571.8
972.344	13403.6
972.934	13425.2
973.525	13470.3
974.116	13577.6
974.705	13660.5
975.295	13421.5
975.886	13459.7
976.477	13486.4
977.065	13418.2
977.656	13463.9
978.246	13643.8
978.835	13519.4
979.425	13594.4
980.015	13611.4
980.604	13593.9
981.194	13516.6
981.784	13433.6
982.372	13688
982.963	13641.7
983.551	13762.4
984.141	13784.3
984.731	13779.8
985.319	13761.1
985.909	13602.3
986.497	13662.1
987.087	13596.6
987.675	13813.8
988.265	13830.2
988.854	13808.3
989.442	13823.8
990.032	13892.3
990.62	13785.6
991.209	13758.8
991.797	13708.6
992.384	13795.1
992.974	13699.4
993.561	13877.2
994.151	13858.2
994.738	13887.7
995.328	13908.7
995.915	13829.6
996.502	13915.8
997.092	14083.9
997.679	14095.5
998.268	14090.3
998.855	13977.1
999.442	13910.7
1000.03	14087.7
1000.62	14063.3
1001.21	14077
1001.79	14325.9
1002.38	14207.6
1002.97	13873.7
1003.55	14137.4
1004.14	14077.3
1004.73	14159
1005.32	14111.5
1005.9	14149.1
1006.49	14069.9
1007.08	14117.8
1007.67	14225.4
1008.25	14328
1008.84	14311.1
1009.43	14375.5
1010.01	14148
1010.6	14129.5
1011.19	14285.4
1011.77	14161.2
1012.36	14232.5
1012.95	14181.7
1013.53	14235.7
1014.12	14167.5
1014.71	14138.5
1015.29	14054.8
1015.88	14174.8
1016.46	14301.2
1017.05	14173
1017.64	14109
1018.22	14155.7
1018.81	14086.3
1019.39	13932.9
1019.98	14115.5
1020.56	14043.5
1021.15	14313.5
1021.74	14317.8
1022.32	14252.9
1022.91	14370.9
1023.49	14416.5
1024.08	14236.5
1024.66	14359.3
1025.25	14424.8
1025.83	14505.2
1026.42	14571.3
1027	14414.8
1027.59	14417.8
1028.17	14420
1028.76	14292.6
1029.34	14453.2
1029.93	14640.2
1030.51	14783.2
1031.1	14759.5
1031.68	14750
1032.27	14680.5
1032.85	14607.1
1033.44	14369.3
1034.02	14217.2
1034.6	14561.3
1035.19	14743.7
1035.77	14310
1036.36	14606.3
1036.94	14612.9
1037.52	14573.2
1038.11	14535.7
1038.69	14614.4
1039.28	14594.4
1039.86	14681.1
1040.44	14735
1041.03	14814.1
1041.61	14708.7
1042.19	14671.6
1042.78	14572.9
1043.36	14704.1
1043.95	14743.2
1044.53	14727.6
1045.11	14807
1045.7	14755.7
1046.28	14572
1046.86	14524.9
1047.44	14557.4
1048.03	14531.1
1048.61	14739
1049.19	14759.2
1049.78	14903.6
1050.36	14762.3
1050.94	14813.2
1051.52	14612.7
1052.11	14803.6
1052.69	14603.6
1053.27	14698.4
1053.85	14846
1054.44	14932.8
1055.02	14760.5
1055.6	14914.1
1056.18	14748.6
1056.76	14746.2
1057.35	14758.6
1057.93	14889.6
1058.51	14799.3
1059.09	14781
1059.68	14765.6
1060.26	14656.9
1060.84	14552.5
1061.42	14768.2
1062	14637.1
1062.58	14780.7
1063.17	14897.5
1063.75	14953.4
1064.33	14858.5
1064.91	14741.2
1065.49	14656.7
1066.07	14754.3
1066.65	14822.3
1067.23	14923.8
1067.81	14803.9
1068.39	14937.5
1068.98	14974.6
1069.56	14778.3
1070.14	14902.3
1070.72	14693
1071.3	14716.5
1071.88	14808.2
1072.46	14900.5
1073.04	14967.4
1073.62	15040.6
1074.2	14724.7
1074.78	15086.7
1075.36	14783.3
1075.94	14958.1
1076.52	14861.8
1077.1	14896.5
1077.68	14802.2
1078.26	15028.7
1078.84	14793.8
1079.42	14767.2
1080	15010.5
1080.58	15019.3
1081.16	15027.2
1081.74	14821.1
1082.32	14976.7
1082.9	15110
1083.48	15040.3
1084.06	15046.6
1084.64	14865.1
1085.22	15137.1
1085.8	14982.6
1086.38	15087.6
1086.96	15256.3
1087.54	15089.9
1088.11	15073.5
1088.69	15233.1
1089.27	15078.6
1089.85	15057.5
1090.43	14997.5
1091.01	15192.3
1091.59	15188.3
1092.17	15212.7
1092.74	15181.7
1093.32	15310
1093.9	15245.3
1094.48	14837.1
1095.06	15061.1
1095.64	15189.9
1096.21	15195.2
1096.79	15210.2
1097.37	15304.7
1097.95	14869.6
1098.53	15434.3
1099.1	15184.9
1099.68	15334.6
1100.26	15459
1100.84	15680.1
1101.42	15617.6
1101.99	15460.1
1102.57	15591.7
1103.15	15362.8
1103.73	15423
1104.3	15479
1104.88	15426.3
1105.46	15544.1
1106.04	15511.7
1106.61	15636.1
1106.86	15424.1
1107.44	15564.1
1108.03	15399.1
1108.61	15419.1
1109.2	15484.1
1109.78	15611.1
1110.37	15464.1
1110.95	15732.1
1111.54	15284.1
1112.12	15411.1
1112.71	15475.1
1113.29	15319.1
1113.88	15607.1
1114.46	15435.1
1115.04	15363.1
1115.63	15269.1
1116.21	15284.2
1116.8	15282
1117.38	15273.5
1117.97	15305.7
1118.55	15303
1119.13	15494.1
1119.72	15373.1
1120.3	15466.1
1120.89	15694.1
1121.47	15437.1
1122.05	15281.1
1122.64	15445.1
1123.22	15742.1
1123.8	15731.1
1124.39	15688.1
1124.97	15999.1
1125.55	15824.1
1126.14	15802.7
1126.72	15667.1
1127.3	15585.1
1127.89	15881.1
1128.47	15894.1
1129.05	16015.1
1129.63	15845.1
1130.22	15784.1
1130.8	15838.1
1131.38	15669.1
1131.97	15704.1
1132.55	15612.1
1133.13	15758.1
1133.71	15734.1
1134.3	15833.1
1134.88	15564.1
1135.46	15627.1
1136.04	15463.1
1136.63	15622.1
1137.21	15744.1
1137.79	15564.1
1138.37	15874.1
1138.96	15604.1
1139.54	15296.1
1140.12	15566.1
1140.7	15667.1
1141.28	15637.1
1141.87	15555.1
1142.45	15467.1
1143.03	15480.1
1143.61	15605.1
1144.19	15594.1
1144.77	15497.1
1145.36	15556.1
1145.94	15496.1
1146.52	15331.1
1147.1	15460.1
1147.68	15541.1
1148.26	15512.1
1148.84	15505.1
1149.42	15675.1
1150.01	15450.1
1150.59	15457.1
1151.17	15473.1
1151.75	15689.1
1152.33	15525.1
1152.91	15477.1
1153.49	15459.1
1154.07	15539.1
1154.65	15533.1
1155.23	15374.1
1155.81	15301.1
1156.39	15356.1
1156.97	15582.1
1157.55	15500.1
1158.13	15559.1
1158.71	15399.1
1159.29	15233.1
1159.87	15200.1
1160.45	15305.1
1161.03	15426.1
1161.61	15493.1
1162.19	15416.1
1162.77	15331.1
1163.35	15425.1
1163.93	15387.1
1164.51	15172.1
1165.09	15452.1
1165.67	15213.1
1166.25	15395.1
1166.83	15502.1
1167.41	15306.1
1167.99	15378.1
1168.57	15324.1
1169.15	15118.1
1169.73	14888.1
1170.31	15235.1
1170.88	15501.1
1171.46	15236.1
1172.04	15269.1
1172.62	15001.1
1173.2	15063.1
1173.78	14979.9
1174.36	14901.8
1174.94	14875.6
1175.51	14836.5
1176.09	14892.4
1176.67	14880.7
1177.25	14868.4
1177.83	14853.8
1178.41	14841
1178.99	14823.7
1179.56	14808
1180.14	14794.2
1180.72	14799.1
1181.3	15214.1
1181.88	14962.1
1182.45	14933.1
1183.03	14868.1
1183.61	14722.1
1184.19	14719.1
1184.76	14852.1
1185.34	14997.1
1185.92	14803.1
1186.5	14816.1
1187.07	14620.1
1187.65	14701.1
1188.23	14774.1
1188.81	14670.1
1189.38	14401.1
1189.96	14638.1
1190.54	14630.1
1191.11	14691.1
1191.69	14555.1
1192.27	14430.1
1192.84	14407.1
1193.42	14382.1
1194	14521.1
1194.58	14585.1
1195.15	14675.1
1195.73	14537.1
1196.31	14440.1
1196.88	14332.1
1197.46	14247.1
1198.03	14436.1
1198.61	14252.1
1199.19	14499.1
1199.76	14420.1
1200.34	14281.1
1200.92	14139.1
1201.49	14250.1
1202.07	14154.1
1202.64	14195.1
1203.22	14177.1
1203.8	14027.1
1204.37	14316.1
1204.95	14339.1
1205.52	14158.1
1206.1	13978.1
1206.67	13916.1
1207.25	13876.1
1207.82	13894.1
1208.4	14037.1
1208.98	14078.1
1209.55	13765.1
1210.13	14081.1
1210.7	13861.1
1211.28	13919.1
1211.85	13947.1
1212.43	13714.1
1213	13645.1
1213.58	13814.1
1214.15	14096.1
1214.73	13942.1
1215.3	13872.1
1215.88	13573.1
1216.45	13731.1
1217.02	13699.1
1217.6	13553.1
1218.17	13732.1
1218.75	13842.1
1219.32	13687.1
1219.9	13512.1
1220.47	13632.1
1221.04	13432.1
1221.62	13582.1
1222.19	13657.1
1222.77	13527.1
1223.34	13535.1
1223.91	13497.1
1224.49	13380.1
1225.06	13337.1
1225.64	13282.1
1226.21	13450.1
1226.78	13389.1
1227.36	13552.1
1227.93	13409.1
1228.5	13570.1
1229.08	13447.1
1229.65	13447.1
1230.22	13054.1
1230.8	13439.1
1231.37	13199.1
1231.94	13558.1
1232.52	13029.1
1233.09	13108.1
1233.66	13206.1
1234.23	13403.1
1234.81	13078.1
1235.38	13024.1
1235.95	13087.1
1236.53	13177.1
1237.1	13162.1
1237.67	13006.1
1238.24	13131.1
1238.82	13124.1
1239.39	12920.1
1239.96	13137.1
1240.53	13171.1
1241.1	13128.1
1241.68	13013.1
1242.25	13111.1
1242.82	13041.1
1243.39	13074.1
1243.96	12865.1
1244.54	12924.1
1245.11	13027.1
1245.68	12907.1
1246.25	12967.1
1246.82	12857.1
1247.4	13043.1
1247.97	13016.1
1248.54	12892.1
1249.11	12686.1
1249.68	12924.1
1250.25	12811.1
1250.82	13062.1
1251.39	12938.1
1251.97	13062.1
1252.54	12999.1
1253.11	13013.1
1253.68	12931.1
1254.25	12784.1
1254.82	12877.1
1255.39	13117.1
1255.96	12885.1
1256.53	12931.1
1257.1	13130.1
1257.67	12850.1
1258.25	12901.1
1258.82	12932.1
1259.38	12883.1
1259.96	12976.1
1260.53	12889.1
1261.1	12985.1
1261.67	13025.5
1262.24	13023.6
1262.81	13047.1
1263.38	12872.1
1263.95	12774.1
1264.52	12803.1
1265.09	13100.1
1265.66	12857.1
1266.23	12962.1
1266.8	12983.1
1267.37	13045.1
1267.94	12871.1
1268.5	12893.1
1269.07	13260.1
1269.64	12989.1
1270.21	13156.1
1270.78	13017.1
1271.35	12854.1
1271.92	12870.1
1272.49	12830.1
1273.06	13058.1
1273.63	13043.1
1274.2	12983.1
1274.77	13252.1
1275.33	13125.1
1275.9	13244.1
1276.47	12881.1
1277.04	13026.1
1277.61	13018.1
1278.18	12881.1
1278.75	13167.1
1279.32	13185.1
1279.88	13094.1
1280.45	13158.1
1281.02	13189.1
1281.59	12834.1
1282.16	12874.1
1282.73	13000.1
1283.29	12859.1
1283.86	13051.1
1284.43	13224.1
1285	13030.1
1285.57	13116.1
1286.13	12900.1
1286.7	13146.1
1287.27	13146.1
1287.84	13149.1
1288.4	12984.1
1288.97	13044.1
1289.54	13016.1
1290.11	12866.1
1290.67	12750.1
1291.24	12907.1
1291.81	12887.1
1292.38	12772.1
1292.94	13119.1
1293.51	12921.1
1294.08	13088.1
1294.64	12975.1
1295.21	13051.1
1295.78	13134.1
1296.35	12942.1
1296.91	13063.1
1297.48	13205.1
1298.04	13283.1
1298.61	13231.1
1299.18	13184.1
1299.74	13311.1
1300.31	13093.1
1300.88	13255.1
1301.44	13318.1
1302.01	13159.1
1302.58	13461.1
1303.14	13159.1
1303.71	13278.1
1304.27	13014.1
1304.84	13211.1
1305.41	13273.1
1305.97	13319.1
1306.54	13353.1
1307.11	13241.1
1307.67	13327.1
1308.24	13291.1
1308.8	13409.1
1309.37	13220.1
1309.93	13308.1
1310.5	13262.1
1311.06	13264.1
1311.63	13311.1
1312.19	13271.1
1312.76	13394.1
1313.32	13408.1
1313.89	13282.1
1314.46	13130.1
1315.02	13227.1
1315.58	13566.1
1316.15	13298.1
1316.71	13475.1
1317.28	13394.1
1317.84	13489.1
1318.41	13362.1
1318.97	13303.1
1319.54	13234.1
1320.1	13589.1
1320.67	13052.1
1321.23	13226.1
1321.8	13383.1
1322.36	13357.1
1322.92	13369.1
1323.49	13539.1
1324.05	13160.1
1324.62	13588.1
1325.18	13311.1
1325.74	13484.1
1326.31	13469.1
1326.87	13547.1
1327.44	13666.1
1328	13667.1
1328.56	13335.1
1329.13	13440.1
1329.69	13493.1
1330.25	13677.1
1330.82	13532.1
1331.38	13800.1
1331.94	13416.1
1332.51	13589.1
1333.07	13367.1
1333.63	13623.1
1334.2	13421.1
1334.76	13539.1
1335.32	13529.1
1335.89	13448.1
1336.45	13729.1
1337.01	13395.1
1337.58	13534.1
1338.14	13573.1
1338.7	13491.1
1339.26	13262.1
1339.83	13480.1
1340.39	13455.1
1340.95	13617.1
1341.51	13710.1
1342.08	13491.1
1342.64	13671.1
1343.2	13612.1
1343.76	13537.1
1344.32	13658.1
1344.89	13745.1
1345.45	13614.1
1346.01	13627.1
1346.57	13748.1
1347.13	13568.5
1347.7	13615.4
1348.26	13669.8
1348.82	13708.3
1349.38	13812.7
1349.94	13550.9
1350.5	13529.4
1351.07	13391.1
1351.63	13629.8
1352.19	13658.1
1352.75	13680.6
1353.31	13635.7
1353.87	13649.8
1354.43	13778.3
1354.99	13851.5
1355.56	13764.7
1356.12	13753.5
1356.68	13840
1357.24	13582.5
1357.8	13851
1358.36	13817.3
1358.92	13874.4
1359.48	13809.4
1360.04	13737.9
1360.6	13801.3
1361.16	13655.3
1361.72	13766.6
1362.28	13587.3
1362.85	13802.8
1363.41	13549.5
1363.97	13764.5
1364.53	13876.5
1365.09	13748.2
1365.65	13615.2
1366.21	13777.1
1366.77	13690.1
1367.33	13775.7
1367.89	13904.3
1368.45	13907.4
1369.01	13918.4
1369.57	13913.3
1370.13	13883.1
1370.68	13848.3
1371.24	13942.4
1371.8	13715.4
1372.36	13965.3
1372.92	13854.1
1373.48	13909.5
1374.04	13912.8
1374.6	13831.5
1375.16	14037.4
1375.72	13952.5
1376.28	13917.7
1376.84	14103.8
1377.39	14148.3
1377.95	14095.8
1378.51	14088
1379.07	14060.7
1379.63	14062.6
1380.19	13972.5
1380.75	14040.1
1381.31	13949.2
1381.87	13993.1
1382.42	14154.5
1382.98	14024.7
1383.54	14042.8
1384.1	14161.8
1384.66	14158.8
1385.21	14103.3
1385.77	14165.8
1386.33	14191.2
1386.89	14223.8
1387.45	14272.7
1388	14275.2
1388.56	14240.6
1389.12	14282
1389.68	14125.4
1390.24	14093.7
1390.79	14058.9
1391.35	14114.6
1391.91	14118.8
1392.47	14087.1
1393.02	14213.6
1393.58	14127.7
1394.14	14147.7
1394.7	13955.6
1395.25	14092.5
1395.81	14226.6
1396.37	14228.9
1396.92	14108.7
1397.48	14221.8
1398.04	14321.6
1398.59	14366
1399.15	14067
1399.71	14114
1400.27	14162
1400.82	14319.7
1401.38	14246.2
1401.93	14282.6
1402.49	14136.2
1403.05	14255.2
1403.6	14098.6
1404.16	14100.6
1404.72	14100.2
1405.27	14203.5
1405.83	14227.6
1406.39	14255
1406.94	14380.1
1407.5	14199.8
1408.05	14316
1408.61	14317.3
1409.16	14198.3
1409.72	14329.7
1410.28	14409.6
1410.83	14423.4
1411.39	14561.2
1411.94	14460.6
1412.5	14356
1413.05	14392.6
1413.61	14208.3
1414.16	14354.9
1414.72	14439.5
1415.27	14522.4
1415.83	14398.7
1416.38	14498.3
1416.94	14558.1
1417.5	14452.3
1418.05	14303.5
1418.61	14466.5
1419.16	14533.3
1419.72	14516.5
1420.27	14590.6
1420.82	14558.1
1421.38	14510.3
1421.93	14358.2
1422.49	14375.9
1423.04	14359
1423.6	14404.8
1424.15	14649.4
1424.71	14503.6
1425.26	14552.9
1425.81	14400.2
1426.37	14356
1426.92	14601.9
1427.48	14516
1428.03	14340.5
1428.59	14574.2
1429.14	14482.8
1429.69	14285.6
1430.25	14172.9
1430.8	14295.5
1431.35	14294
1431.91	14235.5
1432.46	14081.9
1433.02	14403.2
1433.57	14418.4
1434.12	14551.3
1434.67	14581
1435.23	14679.5
1435.78	14699.1
1436.33	14480.2
1436.89	14699.5
1437.44	14784.2
1437.99	14709.4
1438.55	14690.1
1439.1	14337.6
1439.65	14864.8
1440.2	14674.7
1440.76	14642
1441.31	14559.6
1441.86	14706
1442.42	14683.1
1442.97	14701.2
1443.52	14675.4
1444.07	14717.5
1444.62	14834.9
1445.18	14775.6
1445.73	14914.2
1446.28	14923.1
1446.83	14759.5
1447.39	14859.6
1447.94	14762.4
1448.49	14910.5
1449.04	14840.8
1449.59	14838.8
1450.15	14807.5
1450.7	14635.9
1451.25	14833
1451.8	14652.2
1452.35	14972.2
1452.9	14648.7
1453.46	15126.5
1454.01	14871.6
1454.56	15041.7
1455.11	14902.7
1455.66	15009.7
1456.21	14899.3
1456.76	14751
1457.32	14981.3
1457.87	15035.7
1458.42	15097.8
1458.97	14789.1
1459.52	15108.1
1460.07	14999.9
1460.62	14777.6
1461.17	14826.1
1461.72	15000.3
1462.27	15071.5
1462.82	14948.9
1463.37	15070.6
1463.92	15177.4
1464.48	14888.6
1465.03	14994.5
1465.58	15185.8
1466.13	15094.7
1466.68	14891.8
1467.23	15065.5
1467.78	15123.7
1468.33	15267
1468.88	15058.8
1469.43	14817.4
1469.98	14865.1
1470.53	14846.8
1471.08	14982.8
1471.63	14954.1
1472.18	14896.7
1472.72	15118.2
1473.27	14855
1473.82	14835.9
1474.37	14841.8
1474.92	15042.6
1475.47	15114.6
1476.02	15221.5
1476.57	15330.9
1477.12	15286.5
1477.67	15179.1
1478.22	15071.1
1478.77	15073.2
1479.32	15137
1479.86	15110.7
1480.41	15306.2
1480.96	15350.7
1481.51	15331.4
1482.06	15270.2
1482.61	15277.3
1483.16	15130.9
1483.71	15153.6
1484.25	15220.7
1484.8	15080.3
1485.35	15380.8
1485.9	15320.8
1486.45	15332.2
1487	15323.4
1487.54	15437.4
1488.09	15079.5
1488.64	15092.7
1489.19	15193.5
1489.74	15199.9
1490.28	15173.6
1490.83	15147.5
1491.38	15236.7
1491.93	15268.2
1492.47	15402.9
1493.02	15511
1493.57	15204.9
1494.12	15268.2
1494.67	15467.5
1495.21	15474.4
1495.76	15610.4
1496.31	15578.8
1496.86	15376.9
1497.4	15544.8
1497.95	15571.6
1498.5	15601.6
1499.04	15526.9
1499.59	15640.4
1500.14	15606.1
1500.68	15398.9
1501.23	15680.8
1501.78	15521.4
1502.32	15605.2
1502.87	15479.9
1503.42	15677.9
1503.96	15614.5
1504.51	15447.1
1505.06	15402.3
1505.6	15498.4
1506.15	15603.9
1506.7	15543
1507.24	15471.4
1507.79	15689.4
1508.34	15648.7
1508.88	15771.3
1509.43	15796.3
1509.97	15749.9
1510.52	15537.4
1511.06	15775.7
1511.61	15669.2
1512.16	15414.8
1512.7	15414.2
1513.25	15673.2
1513.79	15177
1514.2	15890
1514.75	16053
1515.3	15595
1515.86	15646
1516.41	15733
1516.96	15784
1517.52	15777
1518.07	15673
1518.62	15859
1519.18	15834
1519.73	15781
1520.28	15773
1520.83	15590
1521.39	15441
1521.94	15711
1522.49	15386
1523.04	15629
1523.6	15343
1524.15	15510
1524.7	15314
1525.26	15647
1525.81	15204
1526.36	15393
1526.91	15527
1527.46	15489
1528.02	15568
1528.57	15722
1529.12	15522
1529.67	15673
1530.22	15768
1530.77	15797
1531.33	15926
1531.88	16013
1532.43	15979
1532.98	16197
1533.53	16011
1534.08	15873
1534.64	15782
1535.19	16031
1535.74	15739
1536.29	15917
1536.84	16030
1537.39	16034
1537.94	16093
1538.5	15952
1539.05	15815
1539.6	15946
1540.15	15857
1540.7	16005
1541.25	16223
1541.8	16194
1542.35	16054
1542.9	16288
1543.45	15935
1544	16015
1544.55	15981
1545.1	16065
1545.65	16065
1546.2	16006
1546.76	16035
1547.31	16102
1547.85	15945
1548.41	16117
1548.96	15835
1549.51	16071
1550.06	16011
1550.61	16239
1551.16	16314
1551.7	16185
1552.26	16214
1552.81	16317
1553.35	16241
1553.9	16233
1554.45	16215
1555	16366
1555.55	16605
1556.1	16370
1556.65	16414
1557.2	16742
1557.75	16504
1558.3	16338
1558.85	16222
1559.4	16280
1559.95	16139
1560.5	16294
1561.04	16270
1561.59	16431
1562.14	16289
1562.69	16311
1563.24	16296
1563.79	16211
1564.34	16375
1564.89	16398
1565.43	16436
1565.98	16449
1566.53	16244
1567.08	16212
1567.63	16282
1568.18	16469
1568.72	16355
1569.27	16421
1569.82	16288
1570.37	16434
1570.92	16365
1571.46	16452
1572.01	16486
1572.56	16437
1573.11	16512
1573.66	16636
1574.2	16602
1574.75	16759
1575.3	16541
1575.85	16674
1576.39	16727
1576.94	16382
1577.49	15958
1578.04	16013
1578.58	15631
1579.13	15925
1579.68	15859
1580.22	15809
1580.77	15964
1581.32	15893
1581.87	15560
1582.41	15930
1582.96	15895
1583.51	15819
1584.05	16234
1584.6	16469
1585.14	16783
1585.69	16773
1586.24	16597
1586.79	16681
1587.33	16558
1587.88	16543
1588.42	16484
1588.97	16847
1589.52	16735
1590.06	16791
1590.61	16594
1591.16	16666
1591.7	16634
1592.25	16266
1592.79	16743
1593.34	16509
1593.88	16866
1594.43	17015
1594.98	16723
1595.52	16653
1596.07	16808
1596.61	16659
1597.16	16051
1597.7	17072
1598.25	16738
1598.79	17075
1599.34	16975
1599.89	16751
2699.93	24371.4
2700.4	24371.4
2700.87	24371.4
2701.33	24371.4
2701.8	24371.4
2702.27	24371.4
2702.74	24371.4
2703.2	24309.5
2703.67	24346.5
2704.14	24420.5
2704.6	24966.5
2705.07	24903.5
2705.54	24595.5
2706.01	24499.5
2706.47	24645.5
2706.94	24367.5
2707.41	24418.5
2707.87	24354.5
2708.34	24346.5
2708.81	24301.5
2709.27	24368.5
2709.74	24529.5
2710.21	24424.5
2710.67	24281.5
2711.14	24294.5
2711.6	23932.5
2712.07	24205.5
2712.54	23851.5
2713	23895.5
2713.47	24446.5
2713.94	24413.5
2714.4	24180.5
2714.87	24601.5
2715.34	24435.5
2715.8	24354.5
2716.27	24094.5
2716.73	24192.5
2717.2	24422.5
2717.67	24377.5
2718.13	23907.5
2718.6	24676.5
2719.06	24466.5
2719.53	24651.5
2719.99	24644.5
2720.46	24440.5
2720.93	24425.5
2721.39	24530.5
2721.86	24294.5
2722.32	24480.5
2722.79	24306.5
2723.25	24634.5
2723.72	24724.5
2724.18	24764.5
2724.65	24800.5
2725.11	24652.5
2725.58	24613.5
2726.04	24243.5
2726.51	24484.5
2726.97	24088.5
2727.44	24376.5
2727.9	24300.5
2728.37	24520.5
2728.83	24715.5
2729.3	24569.5
2729.76	24334.5
2730.23	24448.5
2730.69	24242.5
2731.16	24085.5
2731.62	24424.5
2732.09	24449.5
2732.55	24499.5
2733.02	24660.5
2733.48	24729.5
2733.95	24888.5
2734.41	24602.5
2734.87	24554.5
2735.34	24363.5
2735.8	23899.5
2736.27	24276.5
2736.73	23888.5
2737.19	24108.5
2737.66	24096.5
2738.12	24369.5
2738.59	24073.5
2739.05	24204.5
2739.51	24028.5
2739.98	23849.5
2740.44	23918.5
2740.91	24019.5
2741.37	24293.5
2741.83	24405.5
2742.3	24308.5
2742.76	24131.5
2743.22	24457.5
2743.69	24187.5
2744.15	24356.5
2744.61	24025.5
2745.08	24449.5
2745.54	24309.5
2746.01	24380.5
2746.47	24469.5
2746.93	24728.5
2747.39	24778.5
2747.86	24597.5
2748.32	24909.5
2748.78	24355.5
2749.25	24442.5
2749.71	24292.5
2750.17	24465.5
2750.64	24090.5
2751.1	24488.5
2751.56	24336.5
2752.02	24733.5
2752.49	24794.5
2752.95	24627.5
2753.41	24854.5
2753.87	24722.5
2754.34	24532.5
2754.8	24447.5
2755.26	24445.5
2755.72	24480.5
2756.19	24771.5
2756.65	24768.5
2757.11	24874.5
2757.57	24858.5
2758.04	24416.5
2758.5	24562.5
2758.96	24228.5
2759.42	24305.5
2759.88	24236.5
2760.35	24445.5
2760.81	24378.5
2761.27	24351.5
2761.73	24433.4
2762.19	24455
2762.66	24133.5
2763.12	24019.5
2763.58	24455.7
2764.04	24388.5
2764.5	24309.5
2764.96	24300.5
2765.43	24640.5
2765.89	24508.5
2766.35	24625.5
2766.81	24592.5
2767.27	24241.5
2767.73	24040.5
2768.19	24449.7
2768.65	24445.1
2769.12	24439.9
2769.58	24441.6
2770.04	24481.8
2770.5	24483.5
2770.96	24492.1
2771.42	24086.5
2771.88	24067.5
2772.34	24506.9
2772.8	24182.5
2773.26	24145.5
2773.73	24366.5
2774.19	24604.5
2774.65	24751.5
2775.11	24976.5
2775.57	25158.5
2776.03	24641.5
2776.49	24962.5
2776.95	24806.5
2777.41	24733.5
2777.87	24469.5
2778.33	24326.5
2778.79	24500.5
2779.25	24496.5
2779.71	24667.5
2780.17	24554.5
2780.63	24844.5
2781.09	24632.5
2781.55	24682.5
2782.01	24625.5
2782.47	24412.5
2782.93	24540.5
2783.39	24519.5
2783.85	24705.5
2784.31	24570.5
2784.77	25006.5
2785.23	24913.5
2785.69	24885.5
2786.15	24864.5
2786.61	24629.5
2787.07	24852.5
2787.53	24278.5
2787.99	24548.9
2788.45	24422.5
2788.91	24742.5
2789.37	24893.5
2789.83	24684.5
2790.28	24825.5
2790.74	24881.5
2791.2	24769.5
2791.66	24702.5
2792.12	24679.5
2792.58	24598.5
2793.04	24814.5
2793.5	24727.5
2793.96	25036.5
2794.42	25231.5
2794.88	24975.5
2795.33	25110.5
2795.79	25044.5
2796.25	24861.5
2796.71	24711.5
2797.17	24409.5
2797.63	24574.5
2798.09	24500.5
2798.54	24543.5
2799	24787.5
2799.46	24493.5
2799.92	24525.5
2800.38	24366.5
2800.84	24289.5
2801.29	24692.6
2801.75	24716.9
2802.21	24724.2
2802.67	24729.5
2803.13	24733.8
2803.59	24439.5
2804.04	24745.5
2804.5	25020.5
2804.96	24975.5
2805.42	25077.5
2805.87	24751.5
2806.33	24878.5
2806.79	24355.5
2807.25	24406.5
2807.71	24768.5
2808.16	24740.5
2808.62	24762.5
2809.08	25035.5
2809.54	24907.5
2809.99	24793.5
2810.45	24638.5
2810.91	24518.5
2811.36	24504.5
2811.82	24620.5
2812.28	24839.5
2812.74	24945.5
2813.19	25024.5
2813.65	25072.5
2814.11	25128.5
2814.57	25038.5
2815.02	24836.5
2815.48	24613.5
2815.94	24530.5
2816.39	24505.5
2816.85	24400.5
2817.31	24580.5
2817.76	24836.5
2818.22	24494.5
2818.68	25061.5
2819.13	24848.5
2819.59	24454.5
2820.05	24320.5
2820.5	24835
2820.96	24502.5
2821.42	24814.5
2821.87	24685.5
2822.33	25081.5
2822.78	25206.5
2823.24	25290.5
2823.7	25287.5
2824.15	25045.5
2824.61	25061.5
2825.07	24975.5
2825.52	24810.5
2825.98	24906.5
2826.43	24736.5
2826.89	24899.5
2827.35	25024.5
2827.8	24996.5
2828.26	25185.5
2828.71	25079.5
2829.17	24884.5
2829.62	24897.5
2830.08	24716.5
2830.54	24924.5
2830.99	24964.5
2831.45	24876.5
2831.9	24896.5
2832.36	25062.5
2832.81	25037.5
2833.27	25100.5
2833.72	25400.5
2834.18	25051.5
2834.63	24980.5
2835.09	25080.5
2835.54	24952.5
2836	25033.5
2836.45	25160.5
2836.91	25227.5
2837.36	25296.5
2837.82	25329.5
2838.27	25304.5
2838.73	24920.5
2839.18	24869.5
2839.64	24844.5
2840.09	24980.5
2840.55	25155.5
2841	24880.5
2841.46	25028.5
2841.91	25114.5
2842.36	24865.5
2842.82	25044.5
2843.27	24544.5
2843.73	24652.5
2844.18	24945.5
2844.64	24950
2845.09	24952.9
2845.54	24954.4
2846	24959.9
2846.45	24961.8
2846.91	24963.9
2847.36	24516.5
2847.82	24775.5
2848.27	24970.2
2848.72	24736.5
2849.18	24636.5
2849.63	24698.5
2850.08	24980.5
2850.54	25010.5
2850.99	25321.5
2851.45	25552.5
2851.9	25101.5
2852.35	25198.5
2852.81	25090.5
2853.26	24832.5
2853.71	25340.5
2854.17	25262.5
2854.62	25123.5
2855.07	25208.5
2855.53	24987.5
2855.98	25280.5
2856.43	25295.5
2856.89	25278.5
2857.34	25188.5
2857.79	25066.5
2858.25	24996.5
2858.7	25069.3
2859.15	25070.6
2859.6	24906.5
2860.06	25172.5
2860.51	25214.5
2860.96	25275.5
2861.42	25370.5
2861.87	25154.5
2862.32	24894.5
2862.77	24972.5
2863.23	25012.5
2863.68	24905.5
2864.13	24838.5
2864.58	24882.5
2865.04	25168.5
2865.49	24947.5
2865.94	25102.5
2866.39	25104.5
2866.84	25120.6
2867.3	25119.7
2867.75	25121.3
2868.2	24979.5
2868.65	24889.5
2869.11	24980.5
2869.56	25203.5
2870.01	25248.5
2870.46	25254.5
2870.91	25092.5
2871.36	25251.5
2871.82	25290.5
2872.27	25153.5
2872.72	25229.5
2873.17	25076.5
2873.62	25274.5
2874.07	25067.5
2874.53	25364.5
2874.98	25395.5
2875.43	25262.5
2875.88	25329.5
2876.33	25152.5
2876.78	25171.5
2877.23	24934.5
2877.69	25161.9
2878.14	24987.5
2878.59	25024.5
2879.04	25069.5
2879.49	25184.5
2879.94	25243.5
2880.39	25365.5
2880.84	25484.5
2881.29	25432.5
2881.74	25196.5
2882.2	25288.5
2882.65	25232.5
2883.1	25376.5
2883.55	25690.5
2884	25265.5
2884.45	25294.5
2884.9	25558.5
2885.35	25573.5
2885.8	25318.5
2886.25	25044.5
2886.7	25480.5
2887.15	25076.5
2887.6	25286.5
2888.05	25024.5
2888.5	25092.5
2888.95	25266.5
2889.4	25226.9
2889.85	25229.5
2890.3	25205.2
2890.75	25206
2891.2	25157.5
2891.65	25154.8
2892.1	25158
2892.55	25157.8
2893	25167.9
2893.45	25219.4
2893.9	25222.1
2894.35	24829.5
2894.8	25282.5
2895.25	25434.5
2895.7	25480.5
2896.15	25364.5
2896.6	25144.5
2897.05	25371.5
2897.5	25312.5
2897.95	25305.5
2898.4	25588.5
2898.85	25589.5
2899.29	25705.5
2899.74	25096.5
2900.19	25433.5
2900.64	25084.5
2901.09	25178.5
2901.54	25135.5
2901.99	25340.5
2902.44	25230.5
2902.89	25484.5
2903.34	25617.5
2903.78	25636.5
2904.23	25540.5
2904.68	25385.5
2905.13	25224.5
2905.58	25252.5
2906.03	25278.5
2906.48	25456.5
2906.92	25156.5
2907.37	25330.5
2907.82	25509.5
2908.27	25596.5
2908.72	25442.5
2909.17	25269.5
2909.61	25153.5
2910.06	25003.5
2910.51	25074.5
2910.96	24932.5
2911.41	25282.5
2911.86	25395.5
2912.3	25574.5
2912.75	25407.5
2913.2	25310.5
2913.65	25383.5
2914.1	24938.5
2914.54	25204.5
2914.99	25035.5
2915.44	25149.5
2915.89	25102.5
2916.33	24924.5
2916.78	25359.5
2917.23	25636.5
2917.68	25406.5
2918.12	25425.5
2918.57	25386.5
2919.02	25593.5
2919.47	25102.5
2919.91	25390.5
2920.36	25160.5
2920.81	25336.5
2921.26	25475.5
2921.7	25786.5
2922.15	25670.5
2922.6	25549.5
2923.04	25542.5
2923.49	25507.5
2923.94	25230.5
2924.38	25202.5
2924.83	24942.5
2925.28	24911.5
2925.73	25476.5
2926.17	25174.5
2926.62	25906.5
2927.06	25577.5
2927.51	25614.5
2927.96	25642.5
2928.41	25391.5
2928.85	25136.5
2929.3	25255.5
2929.74	25266.5
2930.19	25392.5
2930.64	25144.5
2931.08	25444.5
2931.53	25580.5
2931.98	25205.5
2932.42	25367.5
2932.87	25543.5
2933.31	25547.5
2933.76	25306.5
2934.21	25183.5
2934.65	25280.5
2935.1	25568.5
2935.54	25655.5
2935.99	25452.5
2936.44	25698.5
2936.88	25661.5
2937.33	25666.5
2937.77	25480.5
2938.22	25017.5
2938.66	25230.5
2939.11	25335.5
2939.56	25222.5
2940	25684.5
2940.45	25696.5
2940.89	25599.5
2941.34	25826.5
2941.78	25536.5
2942.23	25396.5
2942.67	25512.5
2943.12	25438.5
2943.56	25466.5
2944.01	25305.5
2944.45	25500.5
2944.9	25553.5
2945.34	25746.5
2945.79	25503.5
2946.23	25836.5
2946.68	25190.5
2947.12	25286.5
2947.57	25373.5
2948.01	25685.5
2948.46	25096.5
2948.9	25268.5
2949.34	25102.5
2949.79	25400.5
2950.23	25549.5
2950.68	25623.5
2951.12	25544.5
2951.57	25491.5
2952.01	25761.5
2952.46	25518.5
2952.9	25459.5
2953.34	25370.5
2953.79	25480.5
2954.23	25596.5
2954.68	25876.5
2955.12	25421.5
2955.56	25651.5
2956.01	25638.5
2956.45	25516.5
2956.9	25391.5
2957.34	25308.5
2957.79	25050.5
2958.23	25341.5
2958.67	25347.5
2959.12	25496.5
2959.56	25804.5
2960	25613.5
2960.45	25448.5
2960.89	25812.5
2961.33	25786.5
2961.78	25404.5
2962.22	25601.5
2962.66	25435.5
2963.11	25167.5
2963.55	25600.5
2963.99	25749.5
2964.44	25823.5
2964.88	25816.5
2965.32	25366.5
2965.77	25684.5
2966.21	25576.5
2966.65	25426.5
2967.09	25284.5
2967.54	25154.5
2967.98	25176.5
2968.42	25714.5
2968.87	25520.5
2969.31	25505.5
2969.75	25648.5
2970.19	25552.5
2970.64	25471.5
2971.08	25196.5
2971.52	25538.5
2971.96	25510.5
2972.41	25310.5
2972.85	25593.5
2973.29	25455.9
2973.73	25457.5
2974.18	25817.5
2974.62	25569.5
2975.06	25489.5
2975.5	25587.5
2975.95	25451.5
2976.39	25452.7
2976.83	25292.5
2977.27	25504.5
2977.71	25573.5
2978.16	25565.5
2978.6	25574.5
2979.04	25237.5
2979.48	25288.5
2979.92	25166.5
2980.36	25454.2
2980.81	25454.7
2981.25	25456.9
2981.69	25456.4
2982.13	25454.9
2982.57	25457.7
2983.01	25458.8
2983.46	25463.1
2983.9	25463.1
2984.34	25301.5
2984.78	25540.5
2985.22	25777.5
2985.66	25661.5
2986.1	25159.5
2986.54	25340.5
2986.99	25442.5
2987.43	25528.5
2987.87	25582.5
2988.31	25870.5
2988.75	25783.5
2989.19	25511.5
2989.63	25736.5
2990.07	25261.5
2990.51	25364.5
2990.95	25297.5
2991.39	25360.5
2991.83	25518.5
2992.28	25492.5
2992.72	25696.5
2993.16	25624.5
2993.6	25658.5
2994.04	25489.5
2994.48	25586.5
2994.92	25404.5
2995.36	25282.5
2995.8	25157.5
2996.24	25433.5
2996.68	25360.5
2997.12	25492.5
2997.56	25426.5
2998	25810.5
2998.44	25625.5
2998.88	25161.5
2999.32	25337.5
2999.76	25296.5
3000.2	25197.5
3000.64	25439.3
3001.08	25641.5
3001.52	25697.5
3001.96	25747.5
3002.4	25553.5
3002.84	25713.5
3003.28	25958.5
3003.72	25536.5
3004.16	25566.5
3004.59	25222.5
3005.03	25263.5
3005.47	25365.5
3005.91	25322.5
3006.35	25659.5
3006.79	25747.5
3007.23	25657.5
3007.67	25518.5
3008.11	25695.5
3008.55	25582.5
3008.99	25238.5
3009.43	25228.5
3009.87	25390.5
3010.3	25325.5
3010.74	25629.5
3011.18	25587.5
3011.62	25522.5
3012.06	25809.5
3012.5	25666.5
3012.94	25408.5
3013.38	25379.5
3013.82	25658.5
3014.25	25308.5
3014.69	25534.5
3015.13	25423.5
3015.57	25368.5
3016.01	25740.5
3016.45	25644.5
3016.88	25533.5
3017.32	25430.5
3017.76	25569.5
3018.2	25322.5
3018.64	25473
3019.08	25459.4
3019.51	25304.5
3019.95	25417.5
3020.39	25158.5
3020.83	25543.5
3021.26	25573.5
3021.7	25159.5
3022.14	25534.5
3022.58	25469.5
3023.02	25599.5
3023.45	25287.5
3023.89	25278.5
3024.33	25396.5
3024.77	25649.5
3025.2	25446.8
3025.64	25336.6
3026.08	25587.5
3026.52	25694.1
3026.95	25464.1
3027.39	25491.5
3027.83	25394.6
3028.27	25342.3
3028.7	25708.7
3029.14	25603.4
3029.58	25377.1
3030.01	25630.5
3030.45	25584.6
3030.89	25512.2
3031.33	25239.9
3031.76	25845
3032.2	25595.3
3032.64	25188.7
3033.07	25356
3033.51	25105.5
3033.95	25470.2
3034.38	25330
3034.82	25152.2
3035.26	25285
3035.69	25442.9
3036.13	25333.9
3036.57	25451.8
3037	25447.8
3037.44	25097.5
3037.88	25435.8
3038.31	25439.2
3038.75	25243.2
3039.18	25474.9
3039.62	25366.9
3040.06	25403
3040.49	25702.9
3040.93	25581.3
3041.36	25630.9
3041.8	25335.6
3042.24	25252.5
3042.67	25395
3043.11	25267.1
3043.54	25299
3043.98	25398.4
3044.42	25502.6
3044.85	25593.8
3045.29	25702.4
3045.72	25671.3
3046.16	25495.1
3046.59	25378.3
3047.03	25292
3047.47	25418.5
3047.9	25475.9
3048.34	25349.3
3048.77	25403.5
3049.21	25838.3
3049.64	25646.4
3050.08	25778.5
3050.51	25455.9
3050.95	25551.8
3051.38	25605.3
3051.82	25325.4
3052.25	25361
3052.69	25614.2
3053.12	25477.2
3053.56	25450
3053.99	25343.4
3054.43	25902.3
3054.86	25637.6
3055.3	25637.1
3055.73	25824.9
3056.17	25066.4
3056.6	25476.6
3057.03	25492
3057.47	25265.2
3057.9	25800.2
3058.34	25717.5
3058.77	26022.7
3059.21	25506.3
3059.64	25774.4
3060.08	25629.2
3060.51	25244
3060.94	25215.1
3061.38	25374.3
3061.81	25266.9
3062.25	25374
3062.68	25642.9
3063.11	25364.7
3063.55	25840.6
3063.98	25761.6
3064.42	25734.7
3064.85	25486.1
3065.28	25501.2
3065.72	25335.4
3066.15	25414.6
3066.58	25417.6
3067.02	25061.6
3067.45	25200
3067.89	25191.4
3068.32	25337.9
3068.75	25418.4
3069.19	25447
3069.62	25323.5
3070.05	25111.6
3070.49	25438.9
3070.92	25442.2
3071.35	25123.7
3071.79	25603.9
3072.22	25426.3
3072.65	25539.8
3073.09	25576.3
3073.52	25409.5
3073.95	25344.4
3074.38	25521.9
3074.82	25327.1
3075.25	25410
3075.68	25530.1
3076.11	25204
3076.55	25160.5
3076.98	25571.1
3077.41	25377.3
3077.85	25660.6
3078.28	25803.5
3078.71	25764.3
3079.14	25298.4
3079.58	25461
3080.01	25517.8
3080.44	25165
3080.87	25390.9
3081.31	25479.2
3081.74	25587.4
3082.17	25710.1
3082.6	25973.3
3083.03	25684.7
3083.47	25369.6
3083.9	25564.2
3084.33	25221.5
3084.76	25289.4
3085.19	25275.5
3085.63	25411.5
3086.06	25524.2
3086.49	25670.3
3086.92	25563.3
3087.35	25640.1
3087.79	25466
3088.22	25172.4
3088.65	25272.8
3089.08	25492.2
3089.51	25492.8
3089.94	25488.7
3090.38	25464.5
3090.81	25159.8
3091.24	25485.6
3091.67	25486.8
3092.1	25088.3
3092.53	25340.2
3092.96	25347.2
3093.39	25248.2
3093.82	25243.8
3094.26	25115.5
3094.69	25093.8
3095.12	25196.6
3095.55	25535.7
3095.98	25505
3096.41	25811.3
3096.84	25802.3
3097.27	25730.3
3097.7	25524
3098.13	25655.4
3098.56	25308.3
3099	25278.1
3099.43	25396.9
3099.86	25584.7
3100.29	25489.2
3100.72	25752
3101.15	25672.4
3101.58	25962
3102.01	25793.2
3102.44	25614.3
3102.87	25638
3103.3	25724
3103.73	25225.5
3104.16	25407
3104.59	25563.8
3105.02	25638.5
3105.45	25593.3
3105.88	25772
3106.31	25776.6
3106.74	25738.5
3107.17	25611.4
3107.6	25505.7
3108.03	25502.7
3108.46	25292.1
3108.89	25375.6
3109.32	25598.3
3109.75	25682.5
3110.18	25773.1
3110.61	26022.6
3111.04	25717.3
3111.47	25853.9
3111.9	25780.1
3112.33	25949.8
3112.75	25529.3
3113.18	25374.6
3113.61	25720.4
3114.04	25844.3
3114.47	25563.3
3114.9	25695.1
3115.33	25625
3115.76	25965
3116.19	25646
3116.62	25444.3
3117.05	25665.6
3117.48	25382.3
3117.9	25307.3
3118.33	25430
3118.76	25583.3
3119.19	25660
3119.62	25738.2
3120.05	25602.8
3120.48	25743.1
3120.91	25769.6
3121.33	25460.7
3121.76	25630.1
3122.19	25630.9
3122.62	25410.6
3123.05	25613.7
3123.48	25643
3123.9	25646.8
3124.33	25650.8
3124.76	25405.5
3125.19	25473.8
3125.62	25658.6
3126.05	25652.4
3126.47	25867.7
3126.9	25349.9
3127.33	25332.8
3127.76	25604.1
3128.18	25495.4
3128.61	25739.1
3129.04	25639.3
3129.47	25745.7
3129.9	25807.5
3130.32	25824.5
3130.75	25882.1
3131.18	25783.1
3131.61	25608.9
3132.03	25642.6
3132.46	25597.6
3132.89	25515
3133.32	25965.1
3133.74	25668.6
3134.17	25807.6
3134.6	25633.5
3135.03	25743.3
3135.45	25432.1
3135.88	25549.2
3136.31	25688.1
3136.74	25689.7
3137.16	25689.9
3137.59	25693.8
3138.02	25353.6
3138.44	25713.9
3138.87	25705.5
3139.3	25940.7
3139.72	25883.6
3140.15	25485.5
3140.58	25388.3
3141	25853.9
3141.43	25729.3
3141.86	25720.3
3142.28	25823.2
3142.71	26019.4
3143.14	26124
3143.56	25955
3143.99	26161
3144.42	26094.5
3144.84	25975
3145.27	25753.1
3145.69	25657.6
3146.12	25659.2
3146.55	25730.3
3146.97	25471
3147.4	25666
3147.83	26003.1
3148.25	26119.6
3148.68	26106.1
3149.1	25848
3149.53	25818.6
3149.95	26084.7
3150.38	25575.5
3150.81	25744.6
3151.23	25766.2
3151.66	25859.6
3152.08	26005.2
3152.51	26154.1
3152.94	26107.8
3153.36	25817.5
3153.79	26082.3
3154.21	25978
3154.36	25875
3154.79	25961
3155.22	26064
3155.66	25699
3156.09	25811
3156.52	25945
3156.95	26041
3157.39	25973
3157.82	26340
3158.25	26224
3158.68	26126
3159.11	25965
3159.55	25680
3159.98	25457
3160.41	25821
3160.84	25520
3161.27	25564
3161.7	25533
3162.14	25656
3162.57	25587
3163	25498
3163.43	25449
3163.86	25571
3164.29	25571
3164.73	25842.6
3165.16	25862.1
3165.59	25863.8
3166.02	25867
3166.45	25868.3
3166.88	25876.4
3167.31	26003
3167.75	26237
3168.18	25983
3168.61	25829
3169.04	25885
3169.47	25688
3169.9	25895
3170.33	25832
3170.76	25918
3171.2	26078
3171.63	25949
3172.06	26313
3172.49	26122
3172.92	26034
3173.35	26241
3173.78	25853
3174.21	25910.4
3174.64	25836
3175.07	25892
3175.5	25779
3175.93	25920
3176.36	26086
3176.79	25877
3177.22	26060
3177.65	25661
3178.08	26099
3178.51	25899
3178.94	25902
3179.37	25800
3179.81	25917.8
3180.24	25904
3180.66	25738
3181.1	25973
3181.53	25844
3181.95	26068
3182.39	26368
3182.81	25952
3183.24	26006
3183.68	25792
3184.1	25633
3184.53	25843
3184.96	25880
3185.39	26057
3185.82	26212
3186.25	25988
3186.68	26233
3187.11	26227
3187.54	25872
3187.97	25942
3188.4	25901
3188.83	25974
3189.26	25963
3189.69	25801
3190.12	26065
3190.55	26035
3190.98	26394
3191.4	26408
3191.83	26205
3192.26	26057
3192.69	25960
3193.12	25750
3193.55	25796
3193.98	25723
3194.41	26021
3194.84	25912
3195.26	25820
3195.69	25753
3196.12	25815
3196.55	25854
3196.98	26219
3197.41	25923
3197.84	25822
3198.26	25936
3198.69	25761
3199.12	26133
3199.55	25952
3199.98	25971
3200.41	26260
3200.83	26422
3201.26	26421
3201.69	26235
3202.12	26193
3202.55	25759
3202.98	26009
3203.4	25940
3203.83	26136
3204.26	26202
3204.69	25755
3205.11	25846
3205.54	25975.5
3205.97	25976.2
3206.4	25975.3
3206.82	25914.9
3207.25	25915.3
3207.68	25913.5
3208.11	25916.1
3208.54	25920.9
3208.96	25921.8
3209.39	25922.4
3209.82	26001.1
3210.25	26009.4
3210.67	26513
3211.1	25773
3211.53	25824
3211.95	26185
3212.38	25864
3212.81	25934
3213.24	26097
3213.66	26262
3214.09	26023
3214.52	26276
3214.94	26293
3215.37	26000
3215.8	26105
3216.22	25880
3216.65	26020.6
3217.08	26022.3
3217.5	25933
3217.93	25805
3218.36	26258
3218.78	26177
3219.21	26579
3219.64	26261
3220.06	26202
3220.49	26197
3220.92	25735
3221.34	25877
3221.77	25930
3222.2	25715
3222.62	25974
3223.05	26288
3223.47	26080
3223.9	26200
3224.33	26307
3224.75	26374
3225.18	26082
3225.6	25664
3226.03	25872
3226.46	25759
3226.88	25761
3227.31	25832
3227.73	25806
3228.16	26011
3228.58	26142
3229.01	26300
3229.44	26176
3229.86	25773
3230.29	26116
3230.71	25806
3231.14	25971
3231.56	25696
3231.99	26027.3
3232.41	26036
3232.84	26021
3233.26	26355
3233.69	26084
3234.11	25979
3234.54	26271
3234.96	26240
3235.39	26011
3235.81	26043.4
3236.24	26041.5
3236.67	26082
3237.09	26058
3237.51	26105
3237.94	26163
3238.36	26067
3238.79	26394
3239.21	25836
3239.64	26081
3240.06	25760
3240.49	25907
3240.91	25938
3241.34	26041
3241.76	26284
3242.19	26209
3242.61	26035
3243.03	26348
3243.46	26339
3243.88	26340
3244.31	26145
3244.73	25984
3245.16	26156
3245.58	25826
3246	26032
3246.43	26040
3246.85	25927
3247.27	26216
3247.7	26260
3248.12	26114
3248.55	26480
3248.97	25863
3249.39	26172
3249.82	25923
3250.24	25859
3250.66	26229
3251.09	26279
3251.51	26272
3251.94	26325
3252.36	26331
3252.78	26334
3253.21	26206
3253.63	25904
3254.05	26053
3254.48	25975
3254.9	25793
3255.32	25959
3255.75	25820
3256.17	26061
3256.59	26152
3257.02	26264
3257.44	26088
3257.86	26152
3258.28	26018
3258.71	25885
3259.13	26085
3259.55	25826
3259.98	25758
3260.4	25928
3260.82	26152
3261.24	26367
3261.67	26519
3262.09	26475
3262.51	26371
3262.93	25968
3263.36	25988
3263.78	25805
3264.2	25938
3264.62	25743
3265.05	26019
3265.47	25793
3265.89	26192
3266.31	26279
3266.74	26172
3267.16	26281
3267.58	26053
3268	25738
3268.42	25968
3268.85	25984
3269.27	26018
3269.69	25806
3270.11	26238
3270.53	26225
3270.95	26195
3271.38	26434
3271.8	26059
3272.22	26211
3272.64	26142
3273.06	25953
3273.49	25713
3273.91	25909
3274.33	26005
3274.75	26033
3275.17	26149
3275.59	26099
3276.01	25954
3276.43	26018
3276.86	26280
3277.28	26134
3277.7	25874
3278.12	25899
3278.54	26006.7
3278.96	26003
3279.38	26038
3279.8	26134
3280.22	26204
3280.64	26280
3281.07	26048
3281.49	26162
3281.91	26211
3282.33	25981
3282.75	25664
3283.17	25860
3283.59	26077
3284.01	25793
3284.43	26028
3284.85	26008
3285.27	26002
3285.69	26299
3286.11	25981
3286.53	26008
3286.95	25939
3287.37	25756
3287.79	25815
3288.22	25821
3288.64	25979.7
3289.06	26075
3289.48	26235
3289.9	26269
3290.32	26113
3290.74	26067
3291.16	25852
3291.58	25724
3292	25950.4
3292.42	25949.4
3292.83	25947.5
3293.25	25945.4
3293.67	25944.9
3294.09	25973.2
3294.51	25974.2
3294.93	25972.4
3295.35	25971
3295.77	25702
3296.19	25814
3296.61	25870
3297.03	26047
3297.45	25773
3297.87	25735
3298.29	25904
3298.71	25880
3299.13	26091
3299.55	26052
3299.96	26259
3300.38	26185
3300.8	25908
3301.22	26041
3301.64	25856
3302.06	25810
3302.48	25824
3302.9	25920.2
3303.32	26227
3303.73	26085
3304.15	25960
3304.57	26187
3304.99	26145
3305.41	26196
3305.83	25858
3306.25	25936.7
3306.66	25933.9
3307.08	25934.3
3307.5	25792
3307.92	25744
3308.34	26047
3308.76	25936
3309.17	26167
3309.59	25977
3310.01	25875
3310.43	26161
3310.85	25812
3311.27	26087
3311.68	25930.6
3312.1	25728
3312.52	26115
3312.94	25746
3313.36	26066
3313.77	26172
3314.19	26064
3314.61	26180
3315.03	26112
3315.44	25983
3315.86	25910.4
3316.28	25908.6
3316.7	25912
3317.11	26010
3317.53	26141
3317.95	25777
3318.37	26184
3318.78	26150
3319.2	26091
3319.62	26051
3320.04	25899
3320.45	25620
3320.87	25902.3
3321.29	25803
3321.7	25738
3322.12	26222
3322.54	25901
3322.96	26247
3323.37	26077
3323.79	25942
3324.21	25664
3324.62	26253
3325.04	25690
3325.46	25895
3325.87	25913
3326.29	25547
3326.71	25721
3327.12	25880
3327.54	26011
3327.96	26035
3328.37	26109
3328.79	25901
3329.21	25905
3329.62	25694
3330.04	25862
3330.45	25677
3330.87	25685
3331.29	25706
3331.7	26024
3332.12	26317
3332.54	26266
3332.95	26054
3333.37	26080
3333.78	25873
3334.2	26102
3334.61	25743.6
3335.03	25564.8
3335.45	25909.3
3335.86	25849.4
3336.28	25706.6
3336.69	26021.1
3337.11	26082.5
3337.53	26225.6
3337.94	26063.2
3338.36	25830.8
3338.77	25788.9
3339.19	25841.8
3339.6	25731.3
3340.02	25872.8
3340.43	25868.8
3340.85	26025
3341.27	25907
3341.68	26284.4
3342.1	26213.9
3342.51	25979.6
3342.93	25910.8
3343.34	25963.2
3343.75	25691.6
3344.17	25855.3
3344.59	25852.1
3345	25851.1
3345.42	25869.6
3345.83	25867.8
3346.25	25867.8
3346.66	25805.7
3347.07	25858
3347.49	25846.7
3347.9	25933
3348.32	25643.1
3348.73	25949
3349.15	25844.3
3349.56	25891.9
3349.98	26047.2
3350.39	25610.8
3350.8	25863.2
3351.22	26278.2
3351.63	25991.5
3352.05	25885.8
3352.46	25969.3
3352.88	25728.2
3353.29	25567.3
3353.71	25690
3354.12	25686.2
3354.53	25849.8
3354.95	25744.8
3355.36	25728.7
3355.78	26030.5
3356.19	26083.5
3356.6	25960.7
3357.02	25911
3357.43	26086.9
3357.84	25844.8
3358.26	25844.8
3358.67	25667.8
3359.09	25788.2
3359.5	25807.3
3359.91	25970
3360.33	25980.2
3360.74	26272.5
3361.15	26226.1
3361.57	26114.7
3361.98	25827.4
3362.39	26065.1
3362.81	25900.3
3363.22	25847.1
3363.63	25616
3364.05	26060.2
3364.46	25764.7
3364.87	25992
3365.29	25974.8
3365.7	25903.1
3366.11	26149.7
3366.52	25875
3366.94	25999.1
3367.35	25845.7
3367.76	25810.2
3368.18	25630.6
3368.59	25651.4
3369	25814.1
3369.41	25961.8
3369.83	26026.5
3370.24	25923
3370.65	25940.2
3371.07	26096.5
3371.48	25958.8
3371.89	25618.1
3372.3	25665.2
3372.71	25821.1
3373.13	25819.1
3373.54	25821.9
3373.95	25626.1
3374.36	25806.7
3374.78	25672.5
3375.19	25846.1
3375.6	25827.9
3376.01	25824.6
3376.42	25821.9
3376.84	25823.1
3377.25	25821.5
3377.66	25823.1
3378.07	25824.2
3378.48	25618.4
3378.9	25774.5
3379.31	25655.6
3379.72	25748.1
3380.13	26074.6
3380.54	25987.2
3380.95	25933.4
3381.37	25857.3
3381.78	25765
3382.19	25917.3
3382.6	25601
3383.01	25731.8
3383.42	25854.6
3383.83	25916.7
3384.25	25837.8
3384.66	26068.3
3385.07	26022.8
3385.48	26098.3
3385.89	25936
3386.3	25776.4
3386.71	25599.8
3387.12	25813.6
3387.53	25622.3
3387.94	25772.7
3388.36	26037.5
3388.77	26005.4
3389.18	25928.2
3389.59	25843.2
3390	25853
3390.41	25886.9
3390.82	25835
3391.23	25634.4
3391.64	25625.5
3392.05	25790.9
3392.46	25659
3392.87	25866.4
3393.28	25918.8
3393.69	25941.2
3394.1	25865.4
3394.51	25459.7
3394.93	25948.3
3395.34	25539.9
3395.75	25878.4
3396.16	25879.5
3396.57	25841.8
3396.98	25845
3397.39	25846.9
3397.8	25850.3
3398.21	25499.6
3398.62	25723.7
3399.03	25557.2
3399.44	25655.9
3399.85	25787.9
3400.26	25571.1
3400.67	25476.7
3401.07	25496.4
3401.49	25877.5
3401.9	25877.6
3402.3	25875.2
3402.71	26069.9
3403.12	26077.6
3403.53	26310.6
3403.94	26196
3404.35	26008.9
3404.76	25942.5
3405.17	25972.8
3405.58	25873.6
3405.99	25722
3406.4	25765.2
3406.81	25941.9
3407.22	25893.9
3407.63	26012.5
3408.04	26058.7
3408.44	26332.5
3408.85	26104.8
3409.26	26234.3
3409.67	25834
3410.08	25749.4
3410.49	25813.8
3410.9	25984.4
3411.31	25948.8
3411.72	25871.4
3412.12	26190.6
3412.53	26289
3412.94	26392.7
3413.35	26214.5
3413.76	26094.5
3414.17	25941.5
3414.58	25980.6
3414.98	25800.4
3415.39	26111.6
3415.8	25957.3
3416.21	25875.5
3416.62	26021.3
3417.03	25852.4
3417.43	25958.9
3417.84	25975.3
3418.25	26074.6
3418.66	26176.8
3419.07	26131.4
3419.47	26093.3
3419.88	25944.3
3420.29	26036.8
3420.7	26135.9
3421.11	26256
3421.51	26113.4
3421.92	26211.3
3422.33	26425.3
3422.74	26469.6
3423.14	26124.9
3423.55	26218.8
3423.96	25742.2
3424.37	25827.1
3424.77	26066.3
3425.18	26070.3
3425.59	26075.6
3426	26083.1
3426.41	26085.6
3426.81	26090.5
3427.22	25700.8
3427.63	25814.6
3428.03	25724
3428.44	26109.6
3428.85	26116.3
3429.26	25782.6
3429.66	26044.6
3430.07	26238.5
3430.48	26189.5
3430.88	26352.4
3431.29	26080.2
3431.7	26454.4
3432.1	26481.7
3432.51	26456.7
3432.92	26029.8
3433.33	26015.1
3433.73	25958
3434.14	25945.6
3434.54	25873.5
3434.95	25990.7
3435.36	25963.3
3435.76	25944.5
3436.17	26424.5
3436.58	26443.8
3436.98	26399.5
3437.39	26471.9
3437.8	26404.6
3438.2	26082.7
3438.61	25918.1
3439.02	25790.8
3439.42	25691.7
3439.83	25852.8
3440.23	26080.1
3440.64	26206.4
3441.04	26239.5
3441.45	25940.9
3441.86	25951.2
3442.26	26301.6
3442.67	25964.7
3443.07	26136.2
3443.48	26148.3
3443.89	26088
3444.29	26107.8
3444.7	26159.7
3445.1	26229.9
3445.51	26252.3
3445.92	26419.9
3446.32	26555.1
3446.72	26598.6
3447.13	26262.1
3447.54	26630.7
3447.94	26166.2
3448.35	26304.3
3448.75	26199.9
3449.16	26190.4
3449.56	26496.7
3449.97	26344.2
3450.37	26483.4
3450.78	26676.5
3451.18	26324.5
3451.59	26544.5
3451.99	26259.1
3452.4	26604.5
3452.8	26453.3
3453.21	26098.9
3453.61	26311.6
3454.02	26398.1
3454.42	26365.9
3454.83	26544
3455.23	26869.9
3455.64	26616.4
3456.04	26817.7
3456.45	26813
3456.85	26614.7
3457.25	26561.8
3457.52	26474.8
3457.93	26426.8
3458.34	26428.8
3458.75	26339.8
3459.17	26530.8
3459.58	26880.8
3459.99	26366.8
3460.4	26475.8
3460.81	27006.8
3461.22	26592.8
3461.63	26525.8
3462.04	26509.8
3462.45	26657.8
3462.86	26167.8
3463.28	26194.8
3463.69	26442.8
3464.1	26307.8
3464.51	26090.8
3464.92	26086.8
3465.33	26133.8
3465.74	26501.5
3466.15	26505.9
3466.56	26505
3466.97	26515.5
3467.38	26086.8
3467.79	26520.2
3468.2	26538
3468.61	26432.8
3469.02	26617.8
3469.43	26427.8
3469.84	26663.8
3470.25	26913.8
3470.66	26561.8
3471.07	26402.8
3471.48	26648.8
3471.89	26449.8
3472.3	26612.8
3472.71	26436.8
3473.12	26429.8
3473.53	26827.8
3473.94	27222.8
3474.35	26966.8
3474.76	26984.8
3475.17	26654.8
3475.58	26685.8
3475.99	26302.8
3476.4	26167.8
3476.81	26530.8
3477.22	26540.8
3477.63	26539.8
3478.04	26337.8
3478.45	26925.8
3478.86	26846.8
3479.27	27100.8
3479.68	26909.8
3480.09	26467.8
3480.5	26637.8
3480.91	26495.8
3481.31	26534.8
3481.72	26541.8
3482.13	26475.8
3482.54	26679.8
3482.95	26601.8
3483.36	26608.8
3483.77	26851.8
3484.18	26720.8
3484.59	27084.8
3484.99	26682.8
3485.4	26590.8
3485.81	26339.8
3486.22	26672.8
3486.63	26657.8
3487.04	26548.8
3487.45	26521.8
3487.86	26942.8
3488.26	26736.8
3488.67	27142.8
3489.08	27104.8
3489.49	27000.8
3489.9	26995.8
3490.31	26713.8
3490.72	26675.8
3491.12	26602.8
3491.53	26793.8
3491.94	26733.8
3492.35	27069.8
3492.76	26852.8
3493.16	27111.8
3493.57	27055.8
3493.98	27083.8
3494.39	26711.8
3494.8	26678.8
3495.2	26726.8
3495.61	26838.9
3496.02	26842.5
3496.43	26850.1
3496.83	26584.8
3497.24	26995.8
3497.65	27001.8
3498.06	26850.8
3498.47	27033.8
3498.87	26877.8
3499.28	27129.8
3499.69	26894.8
3500.1	27132.8
3500.5	27001.8
3500.91	27076.8
3501.32	27123.8
3501.73	27226.8
3502.13	27426.8
3502.54	27372.8
3502.95	27435.8
3503.36	27034.8
3503.76	27038.8
3504.17	26799.8
3504.58	26997.8
3504.98	27120.8
3505.39	27019.9
3505.8	27026.1
3506.2	27036.1
3506.61	27044.3
3507.02	27018.5
3507.43	27026.1
3507.83	27032.9
3508.24	27035.6
3508.65	27008.2
3509.05	27012.1
3509.46	27015
3509.87	27050.7
3510.27	27093.5
3510.68	26637.8
3511.08	27189.8
3511.49	27500.8
3511.9	27320.8
3512.3	27469.8
3512.71	27383.8
3513.12	27297.8
3513.52	26928.8
3513.93	27005.8
3514.33	26986.8
3514.74	26884.8
3515.15	26698.8
3515.55	27182.4
3515.96	26905.8
3516.37	27580.8
3516.77	27626.8
3517.18	27193.8
3517.58	27362.8
3517.99	27448.8
3518.39	27457.8
3518.8	26933.8
3519.21	27219.8
3519.61	27224.8
3520.02	27376.8
3520.42	27370.8
3520.83	27408.8
3521.23	27399.8
3521.64	27524.8
3522.05	27673.8
3522.45	27550.8
3522.86	27224.8
3523.26	27131.8
3523.67	27100.8
3524.07	27053.8
3524.48	27034.8
3524.88	26985.8
3525.29	27253.8
3525.69	27288.8
3526.1	27432.8
3526.5	27423.8
3526.91	27557.8
3527.31	27331.8
3527.72	27084.8
3528.12	27292.8
3528.53	27202.8
3528.93	27128.8
3529.34	27415.8
3529.74	27306.8
3530.15	27617.8
3530.55	27605.8
3530.96	27360.8
3531.36	27800.8
3531.77	27286.8
3532.17	27353.8
3532.58	27516.8
3532.98	27292.8
3533.38	26948.8
3533.79	27221.8
3534.19	27299.8
3534.6	27387.8
3535	27700.8
3535.41	27480.8
3535.81	27647.8
3536.21	27675.8
3536.62	27774.8
3537.02	27642.8
3537.43	27639.8
3537.83	27435.8
3538.23	27663.8
3538.64	27653.8
3539.04	27700.8
3539.45	27657.8
3539.85	27878.8
3540.25	27999.8
3540.66	28095.8
3541.06	27721.8
3541.46	27718.8
3541.87	27617.8
3542.27	27178.8
3542.68	27604.8
3543.08	27240.8
3543.48	27710.8
3543.89	27768.8
3544.29	27743.8
3544.69	27892.8
3545.1	27647.8
3545.5	28078.8
3545.9	28055.8
3546.31	27461.8
3546.71	27928.8
3547.11	27599.8
3547.52	27550.8
3547.92	27578.8
3548.32	27593.8
3548.73	27767.8
3549.13	27825.8
3549.53	27657.8
3549.93	27811.3
3550.34	28019.8
3550.74	27970.8
3551.14	27746.8
3551.55	27939.8
3551.95	27777.8
3552.35	27684.8
3552.75	27549.8
3553.16	27557.8
3553.56	28069.8
3553.96	27850.8
3554.36	28092.8
3554.77	28181.8
3555.17	28055.8
3555.57	27711.8
3555.97	27770.8
3556.38	28188.8
3556.78	27677.8
3557.18	27795.8
3557.58	27638.8
3557.98	27529.8
3558.39	27878.8
3558.79	28157.8
3559.19	28267.8
3559.59	28232.8
3559.99	28225.8
3560.4	28354.8
3560.8	27791.8
3561.2	27779.8
3561.6	27753.8
3562.01	27957.8
3562.41	27761.8
3562.81	27898.8
3563.21	28008.8
3563.61	28184.8
3564.01	28032.8
3564.41	27923.8
3564.82	28126.8
3565.22	27852.8
3565.62	27884.8
3566.02	27901.8
3566.42	27905.8
3566.82	27807.8
3567.23	27913.8
3567.63	28049.8
3568.03	27943.8
3568.43	28075.8
3568.83	28352.8
3569.23	28246.8
3569.63	28272.8
3570.03	28303.8
3570.44	28379.8
3570.84	28113.8
3571.24	27972.8
3571.64	27911.8
3572.04	28230.8
3572.44	28049.8
3572.84	28376.8
3573.24	28121.8
3573.64	28618.8
3574.04	28084.8
3574.44	28346.8
3574.84	28031.8
3575.25	27932.8
3575.64	27860.8
3576.05	27731.8
3576.45	28018.8
3576.85	28104.8
3577.25	28209.8
3577.65	28203.8
3578.05	28039.8
3578.45	28090.8
3578.85	28649.8
3579.25	28256.8
3579.65	28132.8
3580.05	28292.8
3580.45	28018.8
3580.85	27923.8
3581.25	27828.8
3581.65	27985.8
3582.05	28382.8
3582.45	28211.8
3582.85	28450.8
3583.25	28426.8
3583.65	28459.8
3584.05	27935.8
3584.45	27924.8
3584.85	27772.8
3585.25	27651.8
3585.65	27554.8
3586.05	27579.8
3586.45	27710.8
3586.85	27613.8
3587.25	27680.8
3587.65	27794.8
3588.05	27652.8
3588.44	27310.8
3588.84	27252.8
3589.24	27161.8
3589.64	26901.8
3590.04	26816.8
3590.44	26608.8
3590.84	26738.8
3591.24	27006.8
3591.64	27404.8
3592.04	27526.8
3592.44	27992.8
3592.84	27977.8
3593.24	27601.8
3593.63	27582.8
3594.03	27143.8
3594.43	27320.8
3594.83	26933.8
3595.23	27096.8
3595.63	27160.8
3596.03	27213.8
3596.43	27312.8
3596.82	27576.8
3597.22	27521.8
3597.62	27604.8
3598.02	27157.8
3598.42	27360.8
3598.82	26995.8
3599.21	26897.8
3599.61	26699.8
3600.01	26752.8
3600.41	26729.8
3600.81	26887.8
3601.21	27032.8
3601.6	27058.8
3602	27227.8
3602.4	27091.8
3602.8	26688.8
3603.2	26644.8
3603.6	26530.8
3603.99	26334.8
3604.39	26349.8
3604.79	26084.8
3605.19	25926.8
3605.58	26294.8
3605.98	26244.8
3606.38	26886.8
3606.78	26620.8
3607.18	26371.8
3607.57	26425.8
3607.97	26344.8
3608.37	25968.8
3608.77	26303.8
3609.16	26360.8
3609.56	26294.8
3609.96	26159.8
3610.36	26529.8
3610.75	26303.8
3611.15	26222.8
3611.55	26422.8
3611.95	26220.8
3612.34	26091.8
3612.74	26115.8
3613.14	26141.8
3613.53	25589.8
3613.93	25932.8
3614.33	25949.8
3614.72	25894.8
3615.12	26113.8
3615.52	25986.8
3615.92	26098.8
3616.31	26261.8
3616.71	25700.8
3617.11	25927.8
3617.5	25689.8
3617.9	25822.8
3618.3	25591.8
3618.69	25775.8
3619.09	25210.8
3619.49	25825.8
3619.88	25412.8
3620.28	26115.8
3620.68	25949.8
3621.07	25962.8
3621.47	25970.8
3621.86	25521.8
3622.26	25690.8
3622.66	25688.8
3623.05	25315.8
3623.45	25315.8
3623.84	25400.8
3624.24	25728.8
3624.64	25478.8
3625.03	25621.8
3625.43	25862.8
3625.83	25884.8
3626.22	25634.8
3626.62	25570.8
3627.01	25374.8
3627.41	25260.8
3627.81	25390.8
3628.2	25349.8
3628.6	25123
3628.99	25270.4
3629.39	25360.6
3629.78	25522.1
3630.18	25516.7
3630.57	25749.6
3630.97	25407.3
3631.37	25567.2
3631.76	25295
3632.16	25428.2
3632.55	25104.5
3632.95	24918.4
3633.34	25105.1
3633.74	25383
3634.13	25244.3
3634.53	25373.7
3634.92	25645.3
3635.32	25705.8
3635.71	25393.5
3636.11	25545
3636.5	25123.9
3636.9	25137.1
3637.29	24772.5
3637.69	24700.2
3638.08	24634
3638.48	24502.5
3638.87	24892.6
3639.27	24944.1
3639.66	24881.6
3640.06	24423.7
3640.45	25210.3
3640.85	25057.1
3641.24	24949.1
3641.63	25060.2
3642.03	25362.5
3642.42	25239.3
3642.82	25007.1
3643.21	24811.5
3643.61	24911.3
3644	25131.1
3644.4	25243.5
3644.79	25315.3
3645.18	24930.5
3645.58	24845.1
3645.97	24610.1
3646.37	24582.7
3646.76	24517.9
3647.15	24734.4
3647.55	24503.2
3647.94	24610.1
3648.34	24805.6
3648.73	24798.6
3649.12	25044.3
3649.52	25187.7
3649.91	25263
3650.3	24900.2
3650.7	25042.2
3651.09	24839
3651.49	24710.9
3651.88	24773.5
3652.27	24749.7
3652.67	24400.2
3653.06	24789.2
3653.45	24734.7
3653.85	25014.1
3654.24	24701.5
3654.63	24673.9
3655.03	24712.3
3655.42	24607.8
3655.81	24616.5
3656.21	24446.5
3656.6	24555.5
3656.99	24254.5
3657.39	24346.8
3657.78	24471.6
3658.17	24455.9
3658.56	24756.2
3658.96	24622.8
3659.35	24651.6
3659.74	24578
3660.14	24322.4
3660.53	24296.3
3660.92	24197.5
3661.31	24134.2
3661.71	23935.6
3662.1	24113.1
3662.49	24156.7
3662.89	24063.8
3663.28	24106.7
3663.67	24377
3664.06	24362.8
3664.46	24249.6
3664.85	24277.9
3665.24	23886.4
3665.63	23765.9
3666.02	23724.4
3666.42	23611.3
3666.81	23766.1
3667.2	23772.5
3667.59	23816.5
3667.99	24029.9
3668.38	24064.3
3668.77	23926.1
3669.16	24107
3669.55	23835.7
3669.95	23841.3
3670.34	23798.8
3670.73	23732.7
3671.12	23795.2
3671.51	23759.4
3671.9	23839.1
3672.3	23897.6
3672.69	23948.2
3673.08	23787
3673.47	24017.4
3673.86	23851.8
3674.25	23748.5
3674.65	23679.5
3675.04	23761.4
3675.43	23339.8
3675.82	23665.3
3676.21	23652
3676.6	23503.3
3676.99	23749.5
3677.38	23894.9
3677.78	23768.3
3678.17	23865.1
3678.56	23936.7
3678.95	23789.2
3679.34	23757.5
3679.73	23465.4
3680.12	23343.4
3680.51	23252.9
3680.9	23393.2
3681.29	23395.7
3681.69	23568.1
3682.08	23407.9
3682.47	23732
3682.86	23634.4
3683.25	23686.6
3683.64	23404.5
3684.03	23485.7
3684.42	23194.1
3684.81	23137.5
3685.2	23030.2
3685.59	22823.5
3685.98	22799.1
3686.37	23017.7
3686.76	22995.9
3687.15	22805.8
3687.54	22855.3
3687.93	22937.1
3688.32	22905
3688.71	22815.8
3689.1	23205.7
3689.49	23189.3
3689.89	23182.6
3690.27	22842.5
3690.66	22964
3691.05	23105.9
3691.44	23437.3
3691.83	23323.6
3692.22	23318.7
3692.61	23353.1
3693	23305.9
3693.39	23016.8
3693.78	22810
3694.17	22844.5
3694.56	22771.1
3694.95	23117.6
3695.34	23173.8
3695.73	23087.7
3696.12	23219.7
3696.51	23330.3
3696.9	23373.4
3697.29	23455.1
3697.68	23422.5
3698.07	23395.4
3698.46	23126
3698.85	23031.6
3699.24	22967.9
3699.62	22888.1
3700.01	22770.2
3700.4	22824.7
3700.79	22992.1
3701.18	23317.1
3701.57	23391.7
3701.96	23280.4
3702.35	23179.6
3702.74	23359.9
3703.12	22867
3703.51	22730.9
3703.9	22658.2
3704.29	22788.7
3704.68	22957.9
3705.07	22816.9
3705.46	22990
3705.85	23083.6
3706.23	23007
3706.62	23075.9
3707.01	23156.2
3707.4	22953.4
3707.79	22857.8
3708.18	22864.9
3708.57	22752.8
3708.95	22820.3
3709.34	22685
3709.73	22846.6
3710.12	23042
3710.51	23115.9
3710.89	23064.3
3711.28	23071.9
3711.67	23101.3
3712.06	23095.3
3712.45	22938
3712.83	22706.2
3713.22	22626.9
3713.61	22646.1
3714	22524.8
3714.39	22602.7
3714.77	22731.8
3715.16	22603.2
3715.55	22871
3715.94	22728.2
3716.32	22574.5
3716.71	22462.2
3717.1	22476.3
3717.49	22812.5
3717.88	22309.2
3718.26	22497.2
3718.65	22492.8
3719.04	22651.1
3719.42	22675.8
3719.81	22919.1
3720.2	22937.9
3720.59	22974
3720.97	22989.4
3721.36	22906.1
3721.75	22674.4
3722.14	22812
3722.52	22639.6
3722.91	22735.9
3723.3	22703.7
3723.68	22512.9
3724.07	22655.6
3724.46	22785
3724.84	22746.3
3725.23	22909.2
3725.62	22909.1
3726	22938.2
3726.39	22864.6
3726.78	22726.9
3727.16	22672.5
3727.55	22656.2
3727.94	22727.3
3728.32	22386
3728.71	22697.6
3729.1	22486.6
3729.48	22486.6
3729.87	22480.2
3730.25	22432.1
3730.64	22493.5
3731.03	22752.6
3731.41	22617.7
3731.8	22488.1
3732.19	22650.8
3732.57	22637.2
3732.96	22636.5
3733.34	22517.9
3733.73	22891.4
3734.12	22744.1
3734.5	22583.7
3734.89	22589.6
3735.27	22957.8
3735.66	22897.9
3736.05	22485.6
3736.43	22519
3736.82	22588.5
3737.2	22416
3737.59	22232.6
3737.97	22228.9
3738.36	22621.9
3738.75	22777.9
3739.13	22825.1
3739.51	23040.4
3739.9	22915.3
3740.29	22962.1
3740.67	22746.3
3741.06	22814.6
3741.44	22460.1
3741.83	22621.8
3742.21	22252.2
3742.6	22574.8
3742.98	22573.8
3743.37	22445.1
3743.75	22749.3
3744.14	22681.8
3744.52	22786
3744.91	22820.8
3745.29	22659
3745.68	22622
3745.73	22368
3746.12	22664
3746.52	22359
3746.91	22468
3747.3	22327
3747.69	22684
3748.08	22795
3748.47	22887
3748.86	22712
3749.26	22843
3749.65	22916
3750.04	22663
3750.43	22439
3750.82	22360
3751.21	22460.9
3751.6	22461.1
3751.99	22461.1
3752.39	22460.7
3752.78	22459.3
3753.17	22425.3
3753.56	22423.2
3753.95	22418
3754.34	22415.9
3754.73	22410
3755.12	22407
3755.51	22399.8
3755.9	22398.1
3756.29	21917
3756.68	21839
3757.07	22252
3757.47	22283
3757.86	22426
3758.25	22612
3758.64	22869
3759.03	22840
3759.42	22613
3759.81	22507
3760.2	22461
3760.59	22619
3760.98	22452
3761.37	22422
3761.76	22211
3762.15	22331
3762.54	22302
3762.93	22578
3763.32	22453
3763.71	22439
3764.1	22296
3764.49	22206
3764.88	22246
3765.27	21916
3765.66	22319
3766.05	22130
3766.44	22376
3766.83	22099
3767.22	22611
3767.61	22927
3768	22511
3768.39	22400
3768.77	22304
3769.16	22371
3769.55	22341
3769.94	21996
3770.33	21947
3770.72	22028
3771.11	22159
3771.5	22304
3771.89	22298
3772.28	22111
3772.67	22218
3773.06	22414
3773.45	22272
3773.84	22386
3774.23	22226
3774.61	22129
3775	22137
3775.39	21954
3775.78	21996
3776.17	22021
3776.56	22398
3776.95	22514
3777.34	22434
3777.72	22701
3778.11	22411
3778.5	22000
3778.89	22232
3779.28	22158
3779.67	22160
3780.06	22168
3780.44	22232
3780.83	22191
3781.22	22265
3781.61	22301
3782	22400
3782.39	22116
3782.77	22381
3783.16	22244
3783.55	22209
3783.94	21946
3784.33	22119
3784.72	21982
3785.1	21927
3785.49	22100
3785.88	22112
3786.27	22295
3786.66	22355
3787.04	22248
3787.43	22333
3787.82	22316
3788.21	22048
3788.59	22423
3788.98	21886
3789.37	22299
3789.76	22075
3790.14	22173
3790.53	22358
3790.92	22391
3791.31	22167
3791.7	22026
3792.08	21584
3792.47	22120
3792.86	22057.7
3793.24	22050.7
3793.63	22047.1
3794.02	22084.1
3794.41	22081.4
3794.79	22038.3
3795.18	22032.6
3795.57	21417
3795.95	21715
3796.34	22238
3796.73	22427
3797.12	22492
3797.5	22200
3797.89	22261
3798.28	21820
3798.66	22062
3799.05	21995
3799.44	21720
3799.82	22100
3800.21	21936
3800.6	22156
3800.98	22126
3801.37	22438
3801.76	22244
3802.14	21996
3802.53	21937
3802.91	22064
3803.3	21889
3803.69	21869
3804.08	21578
3804.46	21904
3804.85	21983
3805.23	22308
3805.62	22082
3806.01	22039
3806.39	22054
3806.78	22052
3807.16	22123
3807.55	21803
3807.94	21792
3808.32	22036
3808.71	21510
3809.09	21985.8
3809.48	22300
3809.87	22246
3810.25	22324
3810.64	22192
3811.02	21988
3811.41	21991
3811.79	22216
3812.18	21902
3812.56	21698
3812.95	21870
3813.34	21603
3813.72	21553
3814.11	21859
3814.49	21957
3814.88	21906
3815.26	21856
3815.65	22088
3816.03	21852
3816.42	21734
3816.8	21675
3817.19	21986
3817.57	21675
3817.96	21903
3818.34	21462
3818.73	21890
3819.11	22096
3819.5	21987
3819.88	22404
3820.27	22235
3820.65	22179
3821.04	22032
3821.42	21892
3821.81	22097
3822.19	21904
3822.58	21650
3822.96	21716
3823.35	21677
3823.73	21787
3824.12	22107
3824.5	21987
3824.89	22178
3825.27	21814
3825.65	21872
3826.04	22077
3826.42	21786
3826.81	21711
3827.19	21730
3827.57	21926
3827.96	21914
3828.34	22159
3828.73	21931
3829.11	22135
3829.49	22293
3829.88	22137
3830.26	22191
3830.65	22008
3831.03	21839
3831.41	21859
3831.8	21762
3832.18	21806
3832.57	21662
3832.95	21716
3833.33	21836
3833.72	21873
3834.1	21931
3834.48	21750
3834.87	21631
3835.25	21817
3835.63	21731
3836.02	21772
3836.4	21436
3836.78	21749.6
3837.17	21702
3837.55	21463
3837.93	21783
3838.32	21737
3838.7	22129
3839.08	22047
3839.47	21778
3839.85	22091
3840.23	21771
3840.62	21696
3841	21582
3841.38	21737
3841.77	21364
3842.15	21452
3842.53	21788
3842.91	21707
3843.3	21803
3843.68	21710.1
3844.06	21969
3844.44	21515
3844.83	21796
3845.21	21642
3845.59	21429
3845.97	21547
3846.36	21751
3846.74	21435
3847.12	21652
3847.5	21692
3847.89	21956
3848.27	21938
3848.65	22019
3849.03	21850
3849.42	21849
3849.8	21787
3850.18	21600
3850.56	21312
3850.95	21514
3851.33	21565
3851.71	21576
3852.09	21581
3852.47	21588
3852.85	21687
3853.24	21693
3853.62	21695
3854	21824
3854.38	21466
3854.76	21450
3855.15	21606
3855.53	21602
3855.91	21486
3856.29	21416
3856.67	21473
3857.05	21610
3857.43	21680
3857.82	21671
3858.2	21973
3858.58	21670
3858.96	21767
3859.34	21614
3859.72	21447
3860.1	21255
3860.49	21276
3860.87	21488
3861.25	21380
3861.63	21558
3862.01	21913
3862.39	21531
3862.77	21798
3863.15	21629
3863.53	21685
3863.91	21516
3864.3	21196
3864.68	21311
3865.06	21124
3865.44	21405
3865.82	21157
3866.2	21609
3866.58	21639
3866.96	21779
3867.34	21543
3867.72	21675
3868.1	21689
3868.48	21589
3868.86	21578
3869.24	21016
3869.62	21438.4
3870	21436.4
3870.38	21437.1
3870.76	21433.6
3871.14	21433.3
3871.52	21431.9
3871.91	21429.8
3872.29	20961
3872.67	21117
3873.05	21591
3873.43	21533
3873.8	21364
3874.18	21331
3874.56	21305
3874.94	21324
3875.32	20941
3875.7	21363
3876.08	21297
3876.46	21863
3876.84	21720
3877.22	21652
3877.6	21546
3877.98	21691
3878.36	21329
3878.74	21342
3879.12	21122
3879.5	21351
3879.88	21210
3880.26	21392
3880.64	21232
3881.02	21659
3881.4	21543
3881.78	21216
3882.16	21584
3882.53	21443
3882.91	21496
3883.29	21117
3883.67	21062
3884.05	21064
3884.43	21098
3884.81	20923
3885.19	21436
3885.57	21325
3885.95	21222
3886.33	21184
3886.7	21509
3887.08	21194
3887.46	21468
3887.84	21027
3888.22	21040
3888.6	21097
3888.98	21116
3889.35	21197
3889.73	21216
3890.11	21420
3890.49	21411
3890.87	21551
3891.25	21691
3891.63	21693
3892	21187
3892.38	21275
3892.76	21181
3893.14	21177
3893.52	20956
3893.89	20985
3894.27	21260
3894.65	21134
3895.03	21595
3895.41	21452
3895.79	21291
3896.16	21419
3896.54	21258
3896.92	21211
3897.3	21023
3897.67	21140
3898.05	20879
3898.43	20952
3898.81	21294
3899.18	21071
3899.56	21286
3899.94	21473
