20.2024	3245.43
20.8787	3439.43
21.5551	3517.43
22.2313	3541.43
22.9076	3805.43
23.586	3636.43
24.2622	3729.43
24.9383	3779.43
25.6143	3933.43
26.2903	4058.43
26.9662	4168.43
27.6421	4292.43
28.318	4345.43
28.9938	4360.43
29.6696	4338.43
30.3453	4416.43
31.0209	4373.43
31.6965	4360.43
32.3721	4372.43
33.0476	4536.43
33.7231	4736.43
34.3985	4854.43
35.0739	4754.43
35.7493	4877.43
36.4245	5078.43
37.0975	5184.43
37.7727	5173.43
38.4478	5376.43
39.1229	5058.43
39.798	5359.43
40.473	5203.43
41.1479	5091.43
41.8228	5158.43
42.4954	5370.43
43.1702	5398.43
43.845	5617.43
44.5197	5868.43
45.1944	5792.43
45.8667	5657.43
46.5413	5554.43
47.2159	5744.43
47.8903	5718.43
48.5648	5820.43
49.2369	5632.43
49.9112	5573.43
50.5855	5841.43
51.2598	5798.43
51.9317	5912.43
52.6059	5920.43
53.28	5845.43
53.9518	5456.43
54.6258	5890.43
55.2998	5841.43
55.9714	5776.43
56.6453	5732.43
57.3191	5738.43
57.9906	5708.43
58.6643	5730.43
59.338	5804.43
60.0094	5419.26
60.683	5431.06
61.3542	5442.42
62.0277	5924.43
62.7012	5746.43
63.3723	5690.43
64.0457	5753.43
64.7167	5812.43
65.39	5797.43
66.0609	5902.43
66.7341	5729.43
67.4049	5768.43
68.078	5630.43
68.7488	5767.43
69.4218	5680.43
70.0924	5593.43
70.7653	5624.43
71.4359	5650.43
72.1087	5690.43
72.7792	5643.43
73.4519	5538.43
74.1223	5477.43
74.7949	5509.43
75.4652	5567.43
76.1354	5843.43
76.8079	5477.9
77.478	5556.43
78.1504	5414.43
78.8204	5450.43
79.4905	5381.43
80.1627	5378.43
80.8326	5332.43
81.5025	5374.43
82.1746	5371.43
82.8444	5383.43
83.5141	5472.43
84.1861	5720.43
84.8557	5462.43
85.5253	5319.43
86.1971	5355.43
86.8666	5284.43
87.536	5247.43
88.2054	5299.43
88.8771	5235.43
89.5464	5330.43
90.2157	5426.43
90.8849	5382.43
91.554	5173.43
92.2254	5398.43
92.8945	5561.43
93.5636	5359.43
94.2325	5351.43
94.9015	5341.43
95.5704	5335.43
96.2415	5273.43
96.9103	5269.43
97.5791	5065.43
98.2478	5172.43
98.9164	5199.43
99.585	5206.43
100.254	5318.43
100.922	5180.43
101.591	5079.43
102.261	5033.43
102.93	4942.43
103.598	4957.43
104.266	4976.43
104.935	5020.43
105.603	5022.43
106.271	4991.43
106.939	5243.43
107.607	5088.43
108.275	5182.43
108.943	4997.43
109.611	5010.43
110.279	4849.43
110.947	4924.43
111.614	5013.43
112.28	4787.43
112.948	4870.43
113.615	4908.43
114.283	4877.43
114.95	4865.43
115.618	5037.43
116.285	5051.43
116.953	4811.43
117.62	4699.43
118.285	4749.43
118.952	4679.43
119.62	4595.43
120.287	4471.43
120.954	4605.43
121.621	4645.43
122.286	4494.43
122.953	4580.43
123.62	4624.43
124.287	4609.43
124.954	4613.43
125.618	4576.43
126.285	4499.43
126.952	4718.43
127.618	4571.43
128.283	4608.43
128.949	4620.43
129.616	4681.43
130.28	4627.43
130.946	4645.43
131.613	4585.43
132.277	4550.43
132.943	4604.43
133.61	4428.43
134.273	4444.43
134.94	4615.43
135.606	4410.43
136.27	4487.43
136.936	4459.43
137.599	4452.43
138.265	4427.43
138.931	4364.43
139.595	4426.43
140.261	4500.43
140.924	4481.43
141.59	4295.43
142.253	4339.43
142.919	4359.43
143.582	4395.43
144.248	4263.43
144.911	4257.43
145.576	4354.43
146.239	4352.43
146.905	4368.43
147.568	4244.43
148.233	4281.43
148.896	4296.43
149.561	4116.43
150.224	4195.43
150.889	4243.43
151.552	4315.43
152.214	4228.43
152.879	4142.43
153.542	4290.43
154.207	4224.43
154.869	3992.43
155.532	4253.43
156.197	4092.43
156.859	3941.43
157.521	4096.43
158.186	4134.43
158.848	4119.43
159.51	4138.43
160.175	4097.43
160.837	4020.43
161.499	4068.43
162.161	4137.43
162.825	4029.43
163.487	4100.43
164.149	4052.43
164.811	4174.43
165.475	4029.43
166.137	3938.43
166.798	4004.43
167.46	3956.43
168.122	4081.1
168.786	4026.43
169.447	3973.43
170.109	3977.43
170.77	3959.43
171.431	3975.43
172.093	3949.43
172.754	4074.43
173.418	4023.43
174.079	4083.43
174.74	3988.43
175.401	3881.43
176.062	3967.43
176.723	3965.43
177.384	3945.43
178.045	3971.43
178.706	3945.43
179.367	3986.43
180.028	3946.43
180.688	3985.69
181.349	3982.49
182.01	3885.43
182.67	3930.43
183.331	4024.43
183.991	4017.43
184.652	4081.43
185.312	3960.34
185.973	3957.2
186.633	3955.7
187.293	3949.63
187.954	3978.43
188.614	3938.51
189.274	3918.43
189.934	3938.64
190.594	3883.43
191.252	3932.61
191.912	3892.43
192.572	3904.43
193.232	3859.43
193.892	3934.21
194.551	3956.43
195.209	3870.43
195.869	3838.43
196.528	4006.43
197.188	3849.43
197.848	3884.43
198.505	3940.43
199.164	3874.43
199.824	3910.69
200.483	3872.43
201.14	3826.43
201.8	3860.43
202.459	3884.43
203.118	3946.43
203.775	3921.43
204.434	3906.43
205.093	3948.43
205.75	3990.43
206.409	3866.43
207.068	3867.43
207.725	3875.43
208.383	3853.43
209.042	3868.43
209.699	3906.43
210.357	3897.43
211.016	3893.43
211.672	3916.43
212.331	3852.43
212.987	3894.43
213.646	3920.43
214.302	3884.43
214.96	3854.43
215.619	3905.43
216.275	3923.43
216.933	3889.43
217.589	3943.25
218.247	3925.43
218.903	3941.43
219.561	3947.43
220.217	3903.43
220.875	3855.43
221.531	3899.43
222.186	3954.43
222.844	3954.43
223.5	3849.43
224.158	3994.43
224.813	3926.43
225.471	3997.43
226.126	3952.43
226.781	3911.43
227.439	3896.43
228.094	3862.43
228.749	3886.43
229.407	3961.17
230.062	3963.18
230.719	3966.92
231.374	3962.01
232.029	3862.43
232.684	3973
233.341	3860.43
233.996	3861.43
234.651	3978.28
235.308	3926.43
235.963	3992.44
236.617	3922.43
237.272	3965.43
237.929	3948.43
238.583	4120.43
239.238	4057.43
239.892	4022.43
240.547	4077.43
241.203	4095.43
241.858	4092.43
242.512	3994.43
243.166	4053.43
243.82	3970.43
244.475	4038.43
245.131	4047.43
245.785	3992.43
246.439	4036.43
247.093	3982.43
247.747	4033.43
248.401	4027.43
249.054	4048.43
249.708	4070.43
250.362	4071.43
251.016	4117.43
251.669	4002.43
252.323	4042.43
252.977	3998.43
253.632	4112.43
254.286	4047.43
254.939	4068.43
255.593	4106.43
256.244	4129.43
256.897	3982.43
257.55	4068.43
258.203	4188.43
258.857	4082.43
259.51	4098.43
260.163	4162.43
260.816	4113.43
261.469	4152.43
262.122	4057.43
262.775	3999.43
263.427	4190.43
264.08	4183.43
264.731	4109.43
265.383	4080.43
266.036	4065.43
266.689	4268.43
267.341	4266.43
267.994	4212.43
268.644	4186.43
269.296	4344.43
269.949	4409.43
270.601	4249.43
271.254	4098.43
271.904	4262.43
272.556	4233.43
273.208	4206.43
273.86	4121.43
274.51	4154.43
275.162	4303.43
275.814	4129.43
276.464	4329.43
277.116	4288.43
277.767	4193.43
278.417	4136.43
279.069	4214.43
279.721	4231.43
280.37	4198.43
281.022	4290.43
281.673	4211.43
282.323	4284.43
282.974	4252.43
283.623	4385.43
284.275	4254.43
284.926	4345.43
285.575	4334.43
286.227	4370.43
286.876	4213.43
287.527	4293.43
288.176	4331.43
288.827	4231.43
289.476	4300.43
290.127	4115.43
290.775	4303.43
291.426	4288.43
292.075	4378.43
292.726	4372.43
293.374	4203.43
294.025	4251.43
294.674	4303.43
295.324	4287.43
295.973	4284.43
296.621	4264.43
297.272	4367.85
297.92	4364.43
298.57	4370.26
299.219	4384.55
299.867	4389.16
300.517	4181.43
301.165	4287.43
301.813	4398.43
302.463	4539.43
303.111	4374.43
303.759	4443.43
304.409	4490.43
305.057	4346.43
305.705	4595.43
306.352	4464.43
307.002	4402.43
307.65	4532.43
308.297	4472.43
308.945	4430.43
309.594	4373.43
310.242	4495.43
310.889	4352.43
311.537	4505.43
312.186	4507.43
312.833	4472.43
313.481	4386.43
314.128	4554.43
314.775	4570.43
315.422	4484.43
316.069	4463.43
316.718	4470.43
317.365	4460.43
318.012	4638.43
318.659	4579.43
319.306	4526.43
319.953	4582.43
320.599	4468.43
321.246	4593.43
321.893	4468.43
322.539	4600.43
323.186	4549.43
323.832	4609.43
324.479	4574.43
325.125	4732.43
325.771	4484.43
326.418	4568.43
327.064	4552.43
327.71	4598.43
328.357	4702.43
329.003	4651.43
329.649	4732.43
330.295	4753.43
330.941	4636.43
331.587	4687.43
332.233	4670.43
332.879	4741.43
333.525	4676.43
334.168	4645.43
334.814	4590.43
335.46	4610.43
336.105	4712.43
336.751	4709.43
337.397	4829.43
338.042	4689.43
338.685	4873.43
339.331	4821.43
339.976	4790.43
340.622	4832.43
341.265	4776.43
341.91	4904.43
342.555	4825.43
343.2	4719.43
343.843	4779.43
344.488	4772.43
345.134	4703.43
345.779	4728.43
346.421	4759.43
347.066	4856.43
347.711	4868.43
348.354	4790.43
348.999	4750.43
349.643	4856.43
350.286	4782.43
350.931	4890.43
351.575	4888.43
352.218	5010.43
352.862	4855.43
353.504	4949.43
354.149	4992.43
354.793	4951.43
355.435	5011.43
356.08	4963.43
356.722	5021.43
357.366	5109.43
358.008	4912.43
358.652	5035.43
359.294	4868.43
359.938	4972.43
360.58	5143.43
361.224	5125.43
361.866	5125.43
362.509	5051.43
363.151	5145.43
363.795	4930.43
364.436	5098.43
365.08	5028.43
365.722	5063.43
366.363	5104.43
367.007	5238.43
367.648	5103.43
368.291	5136.43
368.933	5212.43
369.574	5169.43
370.217	5202.43
370.858	5088.43
371.499	5136.43
372.143	5186.43
372.784	5149.43
373.425	5069.43
374.068	5246.43
374.709	5307.43
375.349	5277.43
375.99	5077.43
376.633	5296.43
377.274	5185.43
377.914	5160.43
378.555	5274.43
379.198	5336.43
379.838	5358.43
380.479	5281.43
381.119	5307.43
381.76	5308.43
382.402	5372.43
383.042	5332.43
383.683	5425.43
384.323	5397.43
384.963	5401.43
385.603	5351.43
386.243	5345.43
386.883	5342.43
387.525	5317.43
388.165	5410.43
388.805	5431.43
389.445	5543.43
390.085	5493.43
390.725	5322.43
391.364	5435.43
392.004	5510.43
392.644	5536.43
393.283	5536.43
393.923	5450.43
394.562	5456.43
395.202	5435.43
395.841	5370.43
396.481	5416.43
397.12	5389.43
397.759	5474.43
398.399	5551.43
399.038	5466.43
399.677	5564.43
400.316	5699.43
400.953	5565.43
401.592	5534.43
402.231	5546.43
402.87	5579.43
403.509	5769.43
404.148	5564.43
404.787	5581.43
405.426	5658.43
406.062	5638.43
406.701	5726.43
407.339	5815.43
407.978	5796.43
408.617	5695.43
409.253	5752.43
409.891	5711.43
410.53	5684.43
411.168	5617.43
411.804	5730.43
412.443	5797.43
413.081	5817.43
413.719	5883.43
414.355	5711.43
414.993	5636.43
415.631	5889.43
416.267	5837.43
416.905	5792.43
417.543	5914.43
418.179	5910.43
418.817	5792.43
419.453	5764.43
420.09	5912.43
420.728	5984.43
421.364	5893.43
422.001	6034.43
422.637	5946.43
423.274	6063.43
423.912	5927.43
424.547	5861.43
425.185	5800.43
425.82	5814.43
426.457	5975.43
427.092	5673.43
427.73	5959.43
428.365	5843.43
429.002	5916.43
429.637	5827.43
430.274	5991.43
430.909	6033.43
431.546	6023.43
432.181	6194.43
432.815	6128.43
433.452	6082.43
434.087	6179.43
434.724	5955.43
435.358	6218.43
435.993	6160.43
436.63	6278.43
437.264	6218.43
437.901	6253.43
438.535	6123.43
439.169	6073.43
439.806	6191.43
440.44	6258.43
441.074	6367.43
441.708	6178.43
442.345	6278.43
442.979	6162.43
443.613	6207.43
444.247	6245.43
444.883	6281.43
445.517	6288.43
446.151	6446.43
446.785	6434.43
447.421	6249.43
448.054	6244.43
448.688	6376.43
449.322	6329.43
449.955	6347.43
450.591	6432.43
451.224	6247.43
451.858	6177.43
452.491	6294.43
453.125	6215.43
453.758	6308.43
454.391	6396.43
455.025	6323.43
455.658	6176.43
456.293	6266.43
456.926	6154.43
457.56	6042.43
458.193	6344.43
458.826	6484.43
459.459	6211.43
460.091	6489.43
460.724	6336.43
461.357	6510.43
461.99	6334.43
462.623	6505.43
463.255	6477.43
463.888	6343.43
464.521	6352.43
465.153	6276.43
465.784	6446.43
466.416	6394.43
467.049	6294.43
467.681	6422.43
468.313	6370.43
468.946	6434.43
469.578	6454.43
470.21	6394.43
470.843	6488.43
471.473	6213.43
472.105	6218.43
472.737	6400.43
473.369	6370.43
474.001	6477.43
474.631	6425.43
475.262	6361.43
475.894	6369.43
476.526	6452.43
477.158	6383.43
477.787	6067.38
478.419	6375.43
479.051	6326.43
479.682	6418.43
480.312	6335.43
480.943	6333.43
481.575	6352.43
482.204	6353.43
482.836	6439.43
483.467	6405.43
484.096	6370.43
484.727	6313.43
485.359	6366.43
485.988	6345.43
486.619	6332.43
487.248	6381.43
487.879	6244.43
488.51	6391.58
489.139	6321.52
489.77	6172.29
490.398	5982.42
491.029	6070.91
491.658	6177.01
492.288	6083.2
492.917	5985.58
493.548	6171.67
494.176	5999.15
494.807	5957.64
495.435	5874.54
496.066	5977.41
496.694	5956.55
497.324	5892.65
497.953	5668.3
498.583	5750.98
499.211	5626.48
499.839	5660.85
500.469	5634.55
501.098	5545.12
501.728	5616.7
502.356	5157.56
502.983	5262.02
503.613	5554.28
504.241	5101.17
504.869	4996.36
505.499	5198.49
506.127	5210.81
506.754	5133.3
507.384	5027.61
508.012	5025.38
508.639	4793.58
509.267	4973.67
509.896	4833.32
510.523	4789.37
511.151	4742.7
511.778	4741.97
512.408	4611.21
513.035	4650.17
513.662	4625.06
514.289	4505.28
514.916	4404.27
515.545	4428.91
516.172	4432.88
516.799	4262.69
517.426	4267.97
518.053	4294.08
518.68	4190.15
519.307	4239.04
519.934	4147.78
520.562	4162.77
521.189	4128.46
521.816	3961.29
522.442	3952.32
523.069	3968.28
523.695	3963.09
524.322	3899.65
524.948	3884.04
525.575	3925.91
526.201	3884.71
526.827	3780.29
527.454	3693.25
528.08	3620.11
528.706	3784.44
529.332	3713.64
529.958	3662.06
530.584	3661.09
531.21	3666.98
531.834	3583.03
532.46	3530.63
533.086	3557.37
533.712	3587.23
534.338	3541.44
534.963	3597.09
535.589	3514.68
536.215	3473.14
536.838	3436.82
537.464	3441.23
538.089	3408.45
538.715	3438.63
539.34	3426.85
539.964	3399.25
540.589	3338.26
541.214	3288.66
541.84	3269.8
542.465	3311.18
543.088	3293.11
543.713	3201.8
544.338	3226.29
544.961	3202.69
545.586	3276.32
546.211	3219.29
546.836	3141.69
547.459	3230.57
548.084	3158.94
548.706	3173.5
549.331	3202.43
549.956	3153.05
550.579	3141.45
551.203	3144.95
551.828	3125.63
552.45	3114.35
553.075	3074.36
553.697	3049.17
554.322	3099.52
554.944	3042.29
555.568	2986.12
556.193	3075.74
556.815	2985.69
557.439	3066.77
558.061	3051.75
558.685	3074.35
559.307	3035.77
559.931	3080.7
560.553	3019.17
561.175	3092.78
561.799	3057.5
562.421	3046.62
563.045	3046.72
563.667	3068.19
564.29	3009.19
564.912	3017.46
565.534	3045.72
566.157	3010.43
566.779	3017.95
567.4	3066.76
568.024	2993.28
568.645	2984.42
569.269	2951.73
569.89	2979.85
570.511	2966.54
571.132	2985.03
571.756	3044.56
572.377	2944.87
572.998	3049.15
573.621	2889.4
574.242	2993.46
574.863	2976.15
575.484	2983.34
576.105	3005.04
576.728	2888.54
577.349	2952.5
577.969	2963.98
578.59	2861.19
579.211	2887.43
579.833	2870.06
580.454	2913.54
581.075	2852.84
581.695	2804.25
582.315	2860.12
582.936	2776.72
583.556	2828.25
584.177	2843.41
584.799	2824.6
585.419	2822.59
586.04	2844.2
586.66	2834.69
587.28	2819.49
587.9	2873.82
588.52	2872.5
589.14	2918.92
589.76	2920.11
590.38	2879.39
591	2874.45
591.62	2739.96
592.239	2849.94
592.859	2830.78
593.479	2839.28
594.099	2842.62
594.718	2687.51
595.336	2821.83
595.955	2783.9
596.575	2780.19
597.194	2775.37
597.814	2806.62
598.433	2719.26
599.052	2694.86
599.672	2756.64
600.289	2801.02
600.908	2753.98
601.527	2730.33
602.146	2686.03
602.766	2707.04
603.383	2715.69
604.002	2650.98
604.621	2643.54
605.24	2675.82
605.856	2704.39
606.475	2634.07
607.094	2682.17
607.713	2616.89
608.329	2610.66
608.948	2578.84
609.567	2570.76
610.183	2549.16
610.802	2521.79
611.42	2517.64
612.037	2502.99
612.655	2481.1
613.273	2493.95
613.89	2492.45
614.508	2471.72
615.124	2464.98
615.742	2445.23
616.361	2419.99
616.977	2413.25
617.595	2387.01
618.211	2439.65
618.829	2408.5
619.445	2434.77
620.063	2367.65
620.678	2364.1
621.296	2416.96
621.912	2406.17
622.53	2382.78
623.145	2394.01
623.763	2318.87
624.379	2291.27
624.996	2385.77
625.612	2261.62
626.229	2349.21
626.845	2252.34
627.46	2313.35
628.078	2349.83
628.693	2289.86
629.308	2222.96
629.925	2300.21
630.54	2183.65
631.158	2229.23
631.773	2257.39
632.388	2274.7
633.003	2247.46
633.62	2344.19
634.235	2210.91
634.85	2274.77
635.467	2247.85
636.081	2223.16
636.696	2180.81
637.311	2180.25
637.928	2235.52
638.542	2225.81
639.157	2206.88
639.771	2213.45
640.386	2188.33
641.002	2171.63
641.617	2229.27
642.231	2190.13
642.845	2233.84
643.46	2173.46
644.074	2178.45
644.688	2189.38
645.305	2189.98
645.919	2111.41
646.533	2129.34
647.147	2116.1
647.761	2155.69
648.375	2125.83
648.989	2090.23
649.603	2104.34
650.216	2049.21
650.83	2044.9
651.444	2163.06
652.058	2120.81
652.671	2100.78
653.285	2147.3
653.899	2217.61
654.512	2086.32
655.126	2069.58
655.739	2079.53
656.353	2166.7
656.966	2104.52
657.579	2102.77
658.193	2114.08
658.804	2169.72
659.417	2110.02
660.03	2090.13
660.643	2056.79
661.257	2187.79
661.87	2096.59
662.483	2149.95
663.094	2115.75
663.706	2068.38
664.319	2040.94
664.932	2061.94
665.545	2063.84
666.156	2092.78
666.769	2077.57
667.381	2137.8
667.994	2076.99
668.604	2101.39
669.217	2122.69
669.83	2064.4
670.44	2022.18
671.052	2117.18
671.665	2104.95
672.277	2039.88
672.888	1993.58
673.5	2081.87
674.11	2072.88
674.722	2045.07
675.311	2052.07
675.932	2102.07
676.55	2053.07
677.171	2078.07
677.789	2070.07
678.408	2068.07
679.028	2065.07
679.647	2030.07
680.267	2027.07
680.885	2079.07
681.506	2062.07
682.124	2061.07
682.742	2025.07
683.362	2069.07
683.98	2039.07
684.599	2025.07
685.219	2050.07
685.837	2024.07
686.455	2080.07
687.075	2004.07
687.692	2058.19
688.31	1983.07
688.93	1964.07
689.548	2025.07
690.165	2062.07
690.783	2024.07
691.403	1979.07
692.02	2056.74
692.638	2025.07
693.255	1992.07
693.873	2130.07
694.492	2079.07
695.11	2064.07
695.727	2066.07
696.344	2028.07
696.961	2066.07
697.579	2046.07
698.198	2029.07
698.815	2084.07
699.432	2035.07
700.049	2024.07
700.666	2046.07
701.283	2083.07
701.9	2004.07
702.517	1974.07
703.134	2053.07
703.752	2065.07
704.369	2069.07
704.986	2008.07
705.603	1999.07
706.219	2008.07
706.836	1999.07
707.452	2059.07
708.069	2060.07
708.685	2073.07
709.302	2069.07
709.918	2066.07
710.534	2028.07
711.151	2052.07
711.765	2062.07
712.381	2023.07
712.997	2033.07
713.613	2126.07
714.229	2062.07
714.845	1991.07
715.461	2036.07
716.077	1985.07
716.693	2061.07
717.307	1994.07
717.923	2061.07
718.539	2062.07
719.154	2082.07
719.77	2044.07
720.386	2047.07
720.999	2058.63
721.615	2067.07
722.23	2068.07
722.846	2089.07
723.461	2115.07
724.075	2104.07
724.69	2114.07
725.305	2110.07
725.919	2051.07
726.534	1987.07
727.149	2119.07
727.764	2003.07
728.377	2120.07
728.992	2103.07
729.608	2140.07
730.22	2047.07
730.835	2032.07
731.45	2074.07
732.063	2054.07
732.678	2123.07
733.291	2077.07
733.906	2106.07
734.52	2078.07
735.133	2095.07
735.748	2065.07
736.36	2092.07
736.975	2094.07
737.589	2125.07
738.202	2115.07
738.816	2092.07
739.428	2067.07
740.043	2089.07
740.655	2091.07
741.269	2111.07
741.881	2066.07
742.496	2101.07
743.108	2071.07
743.72	2105.07
744.334	2186.07
744.946	2093.07
745.56	2097.07
746.172	2147.07
746.786	2093.07
747.397	2081.07
748.009	2093.07
748.623	2084.07
749.234	2041.07
749.848	2126.07
750.46	2144.16
751.071	2078.07
751.685	2026.07
752.296	2152.9
752.908	2154.52
753.519	2157.58
754.133	2057.07
754.744	2152.07
755.355	2229.07
755.969	2178.07
756.58	2124.07
757.191	2132.07
757.802	2171.07
758.415	2120.07
759.026	2168.07
759.637	2199.07
760.248	2188.07
760.859	2136.07
761.472	2201.07
762.083	2181.07
762.693	2196.07
763.304	2119.07
763.915	2199.07
764.526	2242.07
765.138	2243.07
765.749	2261.07
766.359	2102.07
766.97	2172.07
767.58	2222.07
768.191	2156.07
768.801	2274.07
769.411	2278.07
770.022	2208.07
770.632	2239.07
771.242	2219.07
771.852	2170.07
772.463	2150.07
773.073	2245.07
773.683	2308.07
774.293	2246.07
774.903	2296.07
775.513	2298.07
776.122	2303.07
776.732	2280.07
777.342	2212.07
777.952	2253.07
778.562	2260.07
779.171	2300.07
779.781	2262.07
780.391	2311.07
781	2279.07
781.608	2290.07
782.217	2321.07
782.827	2294.07
783.436	2344.07
784.045	2421.07
784.655	2326.07
785.262	2375.07
785.871	2300.07
786.48	2293.07
787.089	2420.07
787.699	2306.07
788.306	2320.07
788.915	2346.07
789.524	2375.07
790.133	2379.07
790.739	2365.07
791.348	2334.07
791.957	2373.07
792.564	2329.07
793.173	2420.07
793.781	2406.07
794.39	2373.07
794.997	2370.07
795.605	2375.07
796.212	2298.07
796.82	2301.07
797.429	2400.07
798.035	2422.07
798.644	2292.07
799.252	2295.07
799.858	2292.07
800.466	2303.07
801.073	2392.07
801.681	2376.07
802.287	2340.07
802.895	2318.07
803.501	2372.07
804.109	2320.07
804.717	2302.07
805.323	2295.07
805.931	2360.07
806.537	2325.07
807.142	2368.07
807.75	2312.07
808.356	2368.07
808.964	2278.07
809.569	2322.07
810.177	2335.07
810.782	2384.07
811.39	2381.07
811.995	2274.07
812.601	2375.07
813.208	2337.07
813.814	2281.07
814.419	2329.07
815.026	2252.07
815.631	2308.07
816.237	2321.07
816.844	2364.07
817.449	2297.07
818.054	2263.07
818.661	2286.07
819.266	2320.07
819.871	2216.07
820.476	2253.07
821.083	2336.07
821.688	2221.07
822.292	2254.07
822.897	2291.07
823.504	2209.07
824.109	2231.07
824.713	2222.07
825.318	2212.07
825.922	2196.07
826.529	2205.07
827.133	2207.07
827.738	2198.07
828.342	2120.07
828.946	2171.07
829.551	2212.07
830.155	2100.07
830.761	2144.07
831.365	2071.07
831.97	2112.07
832.574	2167.07
833.178	2051.07
833.782	2125.07
834.386	2091.07
834.99	2109.07
835.594	2064.07
836.197	2105.07
836.801	2065.07
837.405	2054.07
838.009	2055.07
838.612	2074.07
839.216	2041.07
839.82	2033.07
840.423	2089.07
841.027	2089.07
841.63	2040.07
842.234	2084.07
842.837	2033.07
843.439	1974.07
844.042	2075.07
844.645	1985.07
845.249	2045.07
845.852	2068.07
846.455	2109.27
847.058	2003.07
847.661	2057.07
848.262	2031.07
848.865	1991.07
849.468	2100.26
850.071	2013.07
850.674	2042.07
851.275	2063.07
851.878	2003.07
852.481	2089.07
853.083	2059.07
853.684	2086.07
854.287	2093.07
854.889	1986.07
855.492	2030.07
856.092	1983.07
856.695	2021.07
857.297	2061.07
857.898	2065.07
858.5	2012.07
859.103	2054.07
859.703	1981.07
860.305	2049.07
860.905	2074.07
861.507	2025.07
862.11	2082.07
862.71	2064.07
863.312	1978.07
863.912	2041.07
864.514	2042.07
865.116	2112.07
865.716	2039.07
866.317	2098.07
866.917	2061.07
867.519	2122.07
868.119	2088.07
868.72	2071.07
869.32	2065.07
869.922	2129.07
870.521	2056.07
871.123	2019.07
871.722	2047.07
872.322	2032.07
872.923	2112.5
873.523	2041.07
874.124	2026.07
874.723	1992.07
875.325	2042.07
875.924	2043.07
876.523	2122.07
877.124	2130.07
877.723	2119.07
878.322	2113.07
878.923	2110.07
879.522	2119.07
880.121	2123.07
880.722	2155.07
881.321	2143.07
881.92	2049.07
882.518	2062.07
883.119	2123.07
883.718	2112.07
884.317	2177.07
884.915	2111.07
885.516	2126.07
886.114	2187.07
886.713	2181.07
887.311	2156.07
887.912	2187.07
888.51	2201.07
889.109	2223.07
889.707	2185.07
890.305	2110.07
890.903	2156.07
891.501	2270.07
892.102	2272.07
892.7	2191.07
893.298	2275.07
893.896	2201.07
894.494	2218.07
895.092	2231.07
895.69	2187.07
896.288	2219.07
896.885	2213.07
897.483	2165.07
898.081	2274.07
898.679	2251.07
899.276	2228.07
899.874	2285.07
900.472	2267.07
901.069	2230.07
901.667	2272.07
902.264	2263.07
902.862	2325.07
903.459	2234.07
904.056	2256.07
904.654	2333.07
905.251	2309.07
905.848	2262.07
906.445	2240.07
907.04	2312.07
907.638	2271.07
908.235	2286.07
908.832	2270.07
909.429	2325.07
910.026	2351.07
910.621	2316.07
911.218	2263.07
911.814	2339.07
912.411	2381.07
913.008	2291.07
913.603	2350.07
914.199	2361.07
914.796	2375.07
915.393	2384.07
915.987	2391.07
916.584	2370.07
917.18	2401.07
917.777	2330.07
918.371	2334.07
918.967	2326.07
919.564	2404.07
920.158	2264.07
920.754	2220.07
921.351	2383.07
921.945	2455.07
922.541	2375.07
923.135	2364.07
923.731	2490.07
924.327	2422.07
924.921	2385.07
925.517	2378.07
926.111	2381.07
926.707	2399.07
927.301	2346.07
927.896	2405.07
928.492	2324.07
929.086	2366.07
929.682	2474.17
930.275	2365.15
930.871	2404.44
931.464	2376.81
932.058	2380.97
932.653	2433.15
933.247	2437.28
933.842	2455.86
934.435	2435.79
935.031	2383.12
935.624	2368.78
936.217	2467.26
936.813	2488.97
937.406	2430.79
938.001	2419.45
938.594	2456.58
939.187	2536.74
939.782	2437.83
940.375	2462.99
940.968	2501.71
941.563	2517.51
942.156	2477.64
942.748	2473.09
943.341	2494.62
943.936	2544.72
944.529	2535.08
945.121	2453.2
945.716	2459.13
946.308	2460.42
946.901	2478.24
947.493	2550.9
948.086	2442.75
948.68	2503.94
949.273	2465.54
949.865	2465.61
950.457	2522.11
951.05	2554.38
951.642	2535.12
952.236	2603.48
952.828	2563.6
953.42	2505.54
954.012	2580.45
954.604	2516.05
955.196	2548.03
955.788	2624.2
956.38	2612.66
956.972	2555.13
957.564	2638.37
958.156	2603.96
958.748	2559
959.339	2567.43
959.931	2602.91
960.523	2554.19
961.114	2548.16
961.706	2633.69
962.297	2679.25
962.889	2659.8
963.48	2634.99
964.072	2682.41
964.663	2613.42
965.255	2623.99
965.846	2739.62
966.437	2658.13
967.028	2587.84
967.62	2627.19
968.209	2557.01
968.8	2605.52
969.391	2698.08
969.982	2683.8
970.573	2604.96
971.164	2684.8
971.753	2677.28
972.344	2679.38
972.934	2630.84
973.525	2636.24
974.116	2669.5
974.705	2668.55
975.295	2660.51
975.886	2660.69
976.477	2671.09
977.065	2632.33
977.656	2630.77
978.246	2646.17
978.835	2698.65
979.425	2714.71
980.015	2645.81
980.604	2740.52
981.194	2644.21
981.784	2646.05
982.372	2659.98
982.963	2723.62
983.551	2669.82
984.141	2706.41
984.731	2713.23
985.319	2709.18
985.909	2674.11
986.497	2728.73
987.087	2689.94
987.675	2693.07
988.265	2621.75
988.854	2738.39
989.442	2723.14
990.032	2741.44
990.62	2681.1
991.209	2670.87
991.797	2706.97
992.384	2695.85
992.974	2737.81
993.561	2663.13
994.151	2740.22
994.738	2754.15
995.328	2694.29
995.915	2652.13
996.502	2667.69
997.092	2727.21
997.679	2736.89
998.268	2739.7
998.855	2723.46
999.442	2728.35
1000.03	2795.36
1000.62	2785.02
1001.21	2717.14
1001.79	2772.54
1002.38	2742.89
1002.97	2783.84
1003.55	2732.83
1004.14	2760.99
1004.73	2802.09
1005.32	2774.29
1005.9	2814.44
1006.49	2695.24
1007.08	2785.72
1007.67	2772.8
1008.25	2792.85
1008.84	2796.29
1009.43	2812.62
1010.01	2733.65
1010.6	2787.92
1011.19	2792.6
1011.77	2753.91
1012.36	2793.03
1012.95	2752.99
1013.53	2775.52
1014.12	2804.28
1014.71	2725.32
1015.29	2796.35
1015.88	2784.88
1016.46	2797.24
1017.05	2721.63
1017.64	2750.35
1018.22	2734.22
1018.81	2787.67
1019.39	2787.7
1019.98	2790.09
1020.56	2735.63
1021.15	2744.22
1021.74	2822.18
1022.32	2751.62
1022.91	2799.6
1023.49	2811.3
1024.08	2825.19
1024.66	2830.84
1025.25	2839.62
1025.83	2835.5
1026.42	2778.03
1027	2865.5
1027.59	2829.7
1028.17	2824.06
1028.76	2771.83
1029.34	2768.49
1029.93	2809.99
1030.51	2824.43
1031.1	2882.14
1031.68	2875.49
1032.27	2853.79
1032.85	2860.97
1033.44	2836.79
1034.02	2833.93
1034.6	2836.56
1035.19	2866.86
1035.77	2803.53
1036.36	2858.03
1036.94	2886.55
1037.52	2794.77
1038.11	2825.26
1038.69	2787.12
1039.28	2856.62
1039.86	2819.7
1040.44	2852.65
1041.03	2922.17
1041.61	2913.6
1042.19	2848.31
1042.78	2838.45
1043.36	2928.78
1043.95	2774.6
1044.53	2894.15
1045.11	2881.01
1045.7	2866.86
1046.28	2824.88
1046.86	2832.17
1047.44	2827.97
1048.03	2867.04
1048.61	2857.85
1049.19	2789.24
1049.78	2893.66
1050.36	2868.42
1050.94	2900.98
1051.52	2868.18
1052.11	2835.77
1052.69	2843.93
1053.27	2834.74
1053.85	2816.07
1054.44	2853.05
1055.02	2886.98
1055.6	2910.1
1056.18	2809.91
1056.76	2842.67
1057.35	2806.45
1057.93	2862.54
1058.51	2843.25
1059.09	2832.55
1059.68	2908.72
1060.26	2841.69
1060.84	2832.89
1061.42	2844.08
1062	2867.94
1062.58	2840.51
1063.17	2865.36
1063.75	2910.54
1064.33	2884.14
1064.91	2895.46
1065.49	2804.48
1066.07	2885.2
1066.65	2901.45
1067.23	2877.14
1067.81	2861.09
1068.39	2839.86
1068.98	2830.47
1069.56	2804.15
1070.14	2874.58
1070.72	2924.77
1071.3	2889.84
1071.88	2855.13
1072.46	2849.15
1073.04	2905.84
1073.62	2849.83
1074.2	2866.05
1074.78	2943.8
1075.36	2914.12
1075.94	2872.79
1076.52	2897.16
1077.1	2835.31
1077.68	2837.6
1078.26	2921.54
1078.84	2856.17
1079.42	2837.02
1080	2828.38
1080.58	2815.13
1081.16	2897.4
1081.74	2800.64
1082.32	2878.68
1082.9	2881.03
1083.48	2935.84
1084.06	2920.27
1084.64	2936.26
1085.22	2910.74
1085.8	2899.59
1086.38	2866.5
1086.96	2882.41
1087.54	2863.35
1088.11	2926.44
1088.69	2923.57
1089.27	2905.41
1089.85	2911.87
1090.43	2995.83
1091.01	2909.05
1091.59	2966.53
1092.17	2908.1
1092.74	2898.67
1093.32	2947.94
1093.9	2959.38
1094.48	2913.32
1095.06	2926.35
1095.64	2969.43
1096.21	2917.96
1096.79	2891.79
1097.37	2986.17
1097.95	2972.38
1098.53	2945.27
1099.1	2977.44
1099.68	3043.96
1100.26	2989.44
1100.84	2948.91
1101.42	2978.86
1101.99	2896.68
1102.57	3066.36
1103.15	3045.26
1103.73	2967.96
1104.3	2955.98
1104.88	2926.58
1105.46	2981.85
1106.04	2927.24
1106.61	2936.94
1106.86	2996.94
1107.44	2974.94
1108.03	2966.94
1108.61	2960.94
1109.2	2979.94
1109.78	2933.94
1110.37	3061.94
1110.95	3078.94
1111.54	2972.94
1112.12	3047.94
1112.71	3037.94
1113.29	3047.94
1113.88	3006.94
1114.46	2941.94
1115.04	3008.94
1115.63	2974.94
1116.21	2946.94
1116.8	2837.94
1117.38	2857.94
1117.97	2902.94
1118.55	2883.94
1119.13	2878.94
1119.72	2895.94
1120.3	2935.94
1120.89	2953.94
1121.47	2815.94
1122.05	2924.94
1122.64	2835.94
1123.22	2962.94
1123.8	3042.94
1124.39	2916.94
1124.97	2988.94
1125.55	2946.94
1126.14	3035.94
1126.72	3070.94
1127.3	3026.94
1127.89	2999.94
1128.47	2939.94
1129.05	2832.94
1129.63	3111.94
1130.22	3045.94
1130.8	2891.94
1131.38	2934.94
1131.97	3084.94
1132.55	3001.94
1133.13	2975.94
1133.71	3016.94
1134.3	2960.94
1134.88	3024.94
1135.46	3017.94
1136.04	2955.94
1136.63	2976.94
1137.21	2966.94
1137.79	2994.94
1138.37	2939.94
1138.96	2988.94
1139.54	3040.94
1140.12	2934.94
1140.7	3012.94
1141.28	2907.94
1141.87	3018.94
1142.45	2975.94
1143.03	2915.94
1143.61	2989.94
1144.19	2992.94
1144.77	2897.94
1145.36	2927.94
1145.94	2970.94
1146.52	2886.94
1147.1	2923.94
1147.68	2960.94
1148.26	2907.94
1148.84	2960.94
1149.42	3001.94
1150.01	3019.94
1150.59	2989.94
1151.17	3006.94
1151.75	2925.94
1152.33	2940.94
1152.91	2967.94
1153.49	2880.94
1154.07	2904.94
1154.65	2930.94
1155.23	2962.94
1155.81	2919.94
1156.39	2878.94
1156.97	2906.94
1157.55	2952.94
1158.13	2810.94
1158.71	2891.94
1159.29	2922.94
1159.87	2918.94
1160.45	2903.94
1161.03	2842.94
1161.61	2770.94
1162.19	2903.94
1162.77	2923.94
1163.35	2928.94
1163.93	2886.94
1164.51	2852.94
1165.09	2833.94
1165.67	2807.94
1166.25	2931.94
1166.83	2816.94
1167.41	2811.94
1167.99	2874.94
1168.57	2899.94
1169.15	2808.94
1169.73	2810.94
1170.31	2789.94
1170.88	2820.94
1171.46	2862.94
1172.04	2799.94
1172.62	2835.94
1173.2	2773.94
1173.78	2810.94
1174.36	2645.94
1174.94	2753.94
1175.51	2708.94
1176.09	2737.94
1176.67	2640.94
1177.25	2756.65
1177.83	2751.45
1178.41	2748.16
1178.99	2744.08
1179.56	2740.7
1180.14	2615.94
1180.72	2694.94
1181.3	2697.94
1181.88	2797.94
1182.45	2750.94
1183.03	2655.94
1183.61	2787.94
1184.19	2738.94
1184.76	2732.94
1185.34	2718.94
1185.92	2637.94
1186.5	2716.94
1187.07	2762.94
1187.65	2771.94
1188.23	2623.94
1188.81	2732.94
1189.38	2693.94
1189.96	2691.94
1190.54	2614.94
1191.11	2717.94
1191.69	2686.94
1192.27	2684.94
1192.84	2702.94
1193.42	2646.94
1194	2700.94
1194.58	2655.94
1195.15	2532.94
1195.73	2649.94
1196.31	2715.94
1196.88	2662.94
1197.46	2581.94
1198.03	2635.94
1198.61	2595.94
1199.19	2585.94
1199.76	2657.94
1200.34	2685.94
1200.92	2639.94
1201.49	2563.94
1202.07	2541.94
1202.64	2593.94
1203.22	2517.94
1203.8	2640.94
1204.37	2528.94
1204.95	2534.94
1205.52	2579.94
1206.1	2611.94
1206.67	2533.94
1207.25	2557.94
1207.82	2544.94
1208.4	2473.94
1208.98	2500.94
1209.55	2470.94
1210.13	2471.94
1210.7	2527.94
1211.28	2448.94
1211.85	2543.94
1212.43	2456.94
1213	2476.94
1213.58	2461.94
1214.15	2502.94
1214.73	2476.94
1215.3	2466.94
1215.88	2478.94
1216.45	2544.94
1217.02	2340.94
1217.6	2516.94
1218.17	2439.94
1218.75	2476.94
1219.32	2493.94
1219.9	2473.94
1220.47	2423.94
1221.04	2444.94
1221.62	2412.94
1222.19	2425.94
1222.77	2407.94
1223.34	2435.94
1223.91	2485.94
1224.49	2385.94
1225.06	2439.94
1225.64	2407.94
1226.21	2400.94
1226.78	2335.94
1227.36	2427.94
1227.93	2308.94
1228.5	2398.94
1229.08	2364.94
1229.65	2351.94
1230.22	2360.94
1230.8	2395.94
1231.37	2386.94
1231.94	2367.94
1232.52	2316.94
1233.09	2311.94
1233.66	2356.94
1234.23	2434.94
1234.81	2297.94
1235.38	2407.94
1235.95	2306.94
1236.53	2265.94
1237.1	2349.94
1237.67	2350.94
1238.24	2313.94
1238.82	2402.94
1239.39	2363.94
1239.96	2342.94
1240.53	2270.94
1241.1	2294.94
1241.68	2333.94
1242.25	2391.94
1242.82	2237.94
1243.39	2310.94
1243.96	2312.94
1244.54	2316.94
1245.11	2251.94
1245.68	2310.94
1246.25	2400.94
1246.82	2310.94
1247.4	2260.94
1247.97	2375.94
1248.54	2341.94
1249.11	2284.94
1249.68	2331.94
1250.25	2324.94
1250.82	2284.94
1251.39	2270.94
1251.97	2250.94
1252.54	2292.94
1253.11	2335.94
1253.68	2313.94
1254.25	2304.94
1254.82	2323.82
1255.39	2322.67
1255.96	2410.94
1256.53	2264.94
1257.1	2318.44
1257.67	2262.94
1258.25	2312.8
1258.82	2311.12
1259.38	2335.94
1259.96	2339.94
1260.53	2322.94
1261.1	2270.94
1261.67	2291.94
1262.24	2276.94
1262.81	2377.94
1263.38	2346.94
1263.95	2288.94
1264.52	2278.94
1265.09	2328.94
1265.66	2258.94
1266.23	2284.94
1266.8	2256.94
1267.37	2279.94
1267.94	2250.94
1268.5	2311.94
1269.07	2327.94
1269.64	2284.94
1270.21	2231.94
1270.78	2238.94
1271.35	2338.94
1271.92	2280.94
1272.49	2259.94
1273.06	2319.94
1273.63	2303.94
1274.2	2354.94
1274.77	2287.94
1275.33	2269.94
1275.9	2249.94
1276.47	2306.94
1277.04	2290.94
1277.61	2310.94
1278.18	2285.94
1278.75	2349.94
1279.32	2241.94
1279.88	2354.94
1280.45	2289.94
1281.02	2344.94
1281.59	2360.94
1282.16	2292.94
1282.73	2324.94
1283.29	2321.94
1283.86	2288.94
1284.43	2269.94
1285	2348.94
1285.57	2382.94
1286.13	2374.94
1286.7	2258.94
1287.27	2302.94
1287.84	2306.94
1288.4	2315.94
1288.97	2288.94
1289.54	2263.94
1290.11	2249.94
1290.67	2254.94
1291.24	2247.94
1291.81	2299.94
1292.38	2315.59
1292.94	2235.94
1293.51	2236.94
1294.08	2273.94
1294.64	2242.94
1295.21	2310.94
1295.78	2362.94
1296.35	2332.94
1296.91	2342.94
1297.48	2285.94
1298.04	2302.94
1298.61	2317.94
1299.18	2339.94
1299.74	2370.94
1300.31	2380.94
1300.88	2352.94
1301.44	2355.94
1302.01	2312.94
1302.58	2365.94
1303.14	2336.94
1303.71	2278.94
1304.27	2294.94
1304.84	2384.94
1305.41	2369.94
1305.97	2301.94
1306.54	2228.94
1307.11	2369.94
1307.67	2341.94
1308.24	2353.94
1308.8	2323.94
1309.37	2365.94
1309.93	2340.94
1310.5	2352.94
1311.06	2323.94
1311.63	2261.94
1312.19	2341.94
1312.76	2364.94
1313.32	2399.94
1313.89	2340.94
1314.46	2300.94
1315.02	2341.94
1315.58	2259.94
1316.15	2339.94
1316.71	2351.94
1317.28	2351.94
1317.84	2333.94
1318.41	2378.94
1318.97	2351.94
1319.54	2379.94
1320.1	2314.94
1320.67	2318.94
1321.23	2374.94
1321.8	2320.94
1322.36	2355.94
1322.92	2358.94
1323.49	2408.94
1324.05	2332.94
1324.62	2317.94
1325.18	2361.94
1325.74	2277.94
1326.31	2381.94
1326.87	2277.94
1327.44	2423.94
1328	2360.94
1328.56	2352.94
1329.13	2403.94
1329.69	2423.94
1330.25	2354.94
1330.82	2332.94
1331.38	2367.94
1331.94	2402.94
1332.51	2346.94
1333.07	2360.94
1333.63	2421.94
1334.2	2373.94
1334.76	2352.94
1335.32	2405.94
1335.89	2354.94
1336.45	2403.94
1337.01	2395.94
1337.58	2360.94
1338.14	2352.94
1338.7	2380.94
1339.26	2437.94
1339.83	2384.94
1340.39	2348.94
1340.95	2393.94
1341.51	2348.94
1342.08	2371.94
1342.64	2363.94
1343.2	2340.94
1343.76	2346.94
1344.32	2385.94
1344.89	2362.94
1345.45	2401.94
1346.01	2371.94
1346.57	2380.94
1347.13	2394.48
1347.7	2370.44
1348.26	2353.18
1348.82	2413.32
1349.38	2347.64
1349.94	2328.39
1350.5	2416.48
1351.07	2402.3
1351.63	2448.73
1352.19	2376.08
1352.75	2414.96
1353.31	2440.99
1353.87	2352.17
1354.43	2329.83
1354.99	2343.16
1355.56	2398.16
1356.12	2381.08
1356.68	2442.72
1357.24	2434.21
1357.8	2323.83
1358.36	2375.23
1358.92	2456.74
1359.48	2419.37
1360.04	2470.25
1360.6	2491.47
1361.16	2416.66
1361.72	2386.65
1362.28	2342.63
1362.85	2325.06
1363.41	2461.24
1363.97	2389.25
1364.53	2407.71
1365.09	2418.18
1365.65	2557.92
1366.21	2479.55
1366.77	2375.18
1367.33	2409.4
1367.89	2459.87
1368.45	2371.59
1369.01	2335.88
1369.57	2459.81
1370.13	2470.37
1370.68	2416.1
1371.24	2450.25
1371.8	2432.42
1372.36	2424.1
1372.92	2483.85
1373.48	2399.59
1374.04	2371.36
1374.6	2420.1
1375.16	2455.19
1375.72	2425.27
1376.28	2487.74
1376.84	2472.14
1377.39	2409.11
1377.95	2430.4
1378.51	2469.11
1379.07	2472.04
1379.63	2446.63
1380.19	2451.1
1380.75	2441.74
1381.31	2470.71
1381.87	2474.99
1382.42	2484.27
1382.98	2448.08
1383.54	2392.99
1384.1	2460.89
1384.66	2431.41
1385.21	2462.74
1385.77	2492.62
1386.33	2478.4
1386.89	2452.29
1387.45	2454.61
1388	2545.82
1388.56	2468.92
1389.12	2392.2
1389.68	2487.84
1390.24	2437.23
1390.79	2467.93
1391.35	2485.06
1391.91	2434.94
1392.47	2484.52
1393.02	2445.31
1393.58	2468.43
1394.14	2443.9
1394.7	2463.97
1395.25	2469.98
1395.81	2397.03
1396.37	2456.9
1396.92	2430.72
1397.48	2423.85
1398.04	2458.42
1398.59	2556.71
1399.15	2472.05
1399.71	2445.57
1400.27	2440.77
1400.82	2410.49
1401.38	2432.66
1401.93	2493.8
1402.49	2447.65
1403.05	2482.73
1403.6	2511.12
1404.16	2463.92
1404.72	2447.48
1405.27	2502.49
1405.83	2466.94
1406.39	2428.9
1406.94	2434.01
1407.5	2447.82
1408.05	2535.73
1408.61	2540.4
1409.16	2453.85
1409.72	2420.65
1410.28	2473.12
1410.83	2463.19
1411.39	2463.46
1411.94	2470.16
1412.5	2545.3
1413.05	2508.75
1413.61	2456.93
1414.16	2465.12
1414.72	2474.15
1415.27	2517.08
1415.83	2528.48
1416.38	2534.19
1416.94	2556.79
1417.5	2517.37
1418.05	2508.97
1418.61	2533.2
1419.16	2509.16
1419.72	2526.9
1420.27	2538.12
1420.82	2526.58
1421.38	2583.29
1421.93	2509.99
1422.49	2533.99
1423.04	2506.74
1423.6	2517.74
1424.15	2472.16
1424.71	2453.36
1425.26	2532.75
1425.81	2517.43
1426.37	2527.34
1426.92	2498.41
1427.48	2519.79
1428.03	2492.02
1428.59	2532.06
1429.14	2519.75
1429.69	2524.17
1430.25	2509.9
1430.8	2493.16
1431.35	2488.57
1431.91	2513.71
1432.46	2479.64
1433.02	2486.94
1433.57	2464.34
1434.12	2496.09
1434.67	2557.33
1435.23	2532.97
1435.78	2533.99
1436.33	2514.58
1436.89	2515.82
1437.44	2510.78
1437.99	2528.88
1438.55	2570.06
1439.1	2522.64
1439.65	2525.47
1440.2	2505.26
1440.76	2543.31
1441.31	2556.93
1441.86	2557.26
1442.42	2559.91
1442.97	2543.57
1443.52	2542.67
1444.07	2552.34
1444.62	2563.03
1445.18	2600.55
1445.73	2568.35
1446.28	2553.82
1446.83	2537.16
1447.39	2571.71
1447.94	2582.89
1448.49	2597.35
1449.04	2600.17
1449.59	2603.23
1450.15	2537.52
1450.7	2513.94
1451.25	2624.71
1451.8	2581.09
1452.35	2607.17
1452.9	2612.65
1453.46	2542.42
1454.01	2591.57
1454.56	2555.34
1455.11	2613.29
1455.66	2670.54
1456.21	2544.05
1456.76	2659.35
1457.32	2524.21
1457.87	2568.69
1458.42	2550.82
1458.97	2559.92
1459.52	2507.99
1460.07	2561.64
1460.62	2504.13
1461.17	2526.7
1461.72	2554.24
1462.27	2685.12
1462.82	2552.52
1463.37	2550.86
1463.92	2632.42
1464.48	2616.45
1465.03	2604.43
1465.58	2572.22
1466.13	2656.11
1466.68	2491.55
1467.23	2506.47
1467.78	2584.58
1468.33	2499.14
1468.88	2631.08
1469.43	2611.1
1469.98	2638.33
1470.53	2504.36
1471.08	2584.52
1471.63	2598.33
1472.18	2547.63
1472.72	2594.05
1473.27	2578.24
1473.82	2579.6
1474.37	2619.9
1474.92	2598.09
1475.47	2614.12
1476.02	2618.23
1476.57	2574.29
1477.12	2586.52
1477.67	2675.08
1478.22	2643.5
1478.77	2623.73
1479.32	2585.29
1479.86	2648.88
1480.41	2588.1
1480.96	2611.4
1481.51	2641.15
1482.06	2633.66
1482.61	2620.01
1483.16	2655.1
1483.71	2683.31
1484.25	2608.06
1484.8	2647.51
1485.35	2611.48
1485.9	2711.67
1486.45	2706.31
1487	2631.82
1487.54	2695.76
1488.09	2601.36
1488.64	2623.46
1489.19	2655.67
1489.74	2628.62
1490.28	2589.82
1490.83	2617.34
1491.38	2600.47
1491.93	2577.46
1492.47	2657.15
1493.02	2639.98
1493.57	2627.91
1494.12	2586.09
1494.67	2675.4
1495.21	2596.56
1495.76	2586.92
1496.31	2674.45
1496.86	2666.24
1497.4	2656.74
1497.95	2700.42
1498.5	2709.23
1499.04	2628.09
1499.59	2611.9
1500.14	2571.52
1500.68	2647.83
1501.23	2708.53
1501.78	2667.04
1502.32	2694.85
1502.87	2666.09
1503.42	2640.92
1503.96	2672.52
1504.51	2712.16
1505.06	2649.98
1505.6	2672.22
1506.15	2691.71
1506.7	2673.08
1507.24	2711.37
1507.79	2647.6
1508.34	2689.17
1508.88	2697.6
1509.43	2610.24
1509.97	2713.24
1510.52	2687.54
1511.06	2631.05
1511.61	2671.7
1512.16	2686.69
1512.7	2656.18
1513.25	2706.29
1513.79	2693.39
1514.2	2677.39
1514.75	2721.39
1515.3	2700.39
1515.86	2731.39
1516.41	2695.39
1516.96	2688.39
1517.52	2735.39
1518.07	2729.39
1518.62	2690.39
1519.18	2689.39
1519.73	2727.39
1520.28	2776.39
1520.83	2747.39
1521.39	2734.39
1521.94	2691.39
1522.49	2629.39
1523.04	2629.39
1523.6	2618.39
1524.15	2670.39
1524.7	2612.39
1525.26	2614.39
1525.81	2627.39
1526.36	2686.39
1526.91	2624.39
1527.46	2604.39
1528.02	2599.39
1528.57	2690.39
1529.12	2602.39
1529.67	2668.39
1530.22	2722.39
1530.77	2734.39
1531.33	2694.39
1531.88	2670.39
1532.43	2719.39
1532.98	2714.39
1533.53	2716.39
1534.08	2716.39
1534.64	2751.39
1535.19	2689.39
1535.74	2720.39
1536.29	2717.39
1536.84	2707.39
1537.39	2706.39
1537.94	2732.39
1538.5	2770.39
1539.05	2769.39
1539.6	2736.39
1540.15	2739.39
1540.7	2724.39
1541.25	2752.39
1541.8	2716.39
1542.35	2739.39
1542.9	2773.39
1543.45	2796.39
1544	2814.39
1544.55	2736.39
1545.1	2825.39
1545.65	2778.39
1546.2	2718.39
1546.76	2672.39
1547.31	2703.39
1547.85	2796.39
1548.41	2761.39
1548.96	2716.39
1549.51	2724.39
1550.06	2740.39
1550.61	2790.39
1551.16	2725.39
1551.7	2722.39
1552.26	2774.39
1552.81	2796.39
1553.35	2827.39
1553.9	2735.39
1554.45	2762.39
1555	2774.39
1555.55	2803.39
1556.1	2821.39
1556.65	2899.39
1557.2	2781.39
1557.75	2889.39
1558.3	2887.39
1558.85	2779.39
1559.4	2826.39
1559.95	2728.39
1560.5	2759.39
1561.04	2816.39
1561.59	2782.39
1562.14	2823.39
1562.69	2841.39
1563.24	2761.39
1563.79	2843.39
1564.34	2746.39
1564.89	2731.39
1565.43	2779.39
1565.98	2737.39
1566.53	2806.39
1567.08	2821.39
1567.63	2831.39
1568.18	2777.39
1568.72	2815.39
1569.27	2745.39
1569.82	2765.39
1570.37	2828.39
1570.92	2832.39
1571.46	2798.39
1572.01	2879.39
1572.56	2744.39
1573.11	2874.39
1573.66	2726.39
1574.2	2851.39
1574.75	2888.39
1575.3	2748.39
1575.85	2851.39
1576.39	2836.39
1576.94	2819.39
1577.49	2793.39
1578.04	2779.39
1578.58	2718.39
1579.13	2786.39
1579.68	2913.25
1580.22	2772.39
1580.77	2716.39
1581.32	2777.25
1581.87	2775.75
1582.41	2782.55
1582.96	2785.49
1583.51	2803.18
1584.05	2762.39
1584.6	2826.27
1585.14	2807.39
1585.69	2867.39
1586.24	2946.39
1586.79	2855.39
1587.33	2744.39
1587.88	2818.39
1588.42	2924.39
1588.97	2862.34
1589.52	2894.97
1590.06	2983.39
1590.61	2811.39
1591.16	2866.39
1591.7	2856.39
1592.25	2832.39
1592.79	2831.39
1593.34	2841.39
1593.88	2845.39
1594.43	2848.39
1594.98	2822.39
1595.52	2877.39
1596.07	2895.39
1596.61	2832.39
1597.16	2885.39
1597.7	2857.89
1598.25	2872.39
1598.79	2822.39
1599.34	2839.39
1599.89	2896.39
2699.93	3852.85
2700.4	3852.85
2700.87	3852.85
2701.33	3852.85
2701.8	3855.05
2702.27	3857.25
2702.74	3859.45
2703.2	3926.78
2703.67	3821.78
2704.14	3946.78
2704.6	3983.78
2705.07	3834.78
2705.54	3733.78
2706.01	3969.78
2706.47	3896.78
2706.94	3853.78
2707.41	3951.78
2707.87	3843.78
2708.34	3905.78
2708.81	3785.78
2709.27	3842.78
2709.74	3819.78
2710.21	3834.78
2710.67	3876.78
2711.14	3905.78
2711.6	3825.78
2712.07	3940.78
2712.54	3847.78
2713	3840.78
2713.47	3919.78
2713.94	3813.78
2714.4	3787.78
2714.87	3857.78
2715.34	3709.78
2715.8	3822.78
2716.27	3863.78
2716.73	3970.78
2717.2	3924.78
2717.67	3906.78
2718.13	3818.78
2718.6	3852.78
2719.06	3814.78
2719.53	3774.78
2719.99	3830.78
2720.46	3900.78
2720.93	3880.78
2721.39	3905.78
2721.86	3881.78
2722.32	3956.78
2722.79	3837.78
2723.25	3873.78
2723.72	3837.78
2724.18	3817.78
2724.65	3859.78
2725.11	3901.78
2725.58	3843.78
2726.04	3919.78
2726.51	3929.78
2726.97	3939.78
2727.44	3904.78
2727.9	3772.78
2728.37	3743.78
2728.83	3774.78
2729.3	3776.78
2729.76	3880.78
2730.23	3800.78
2730.69	3848.78
2731.16	3777.78
2731.62	3877.78
2732.09	3785.78
2732.55	3807.78
2733.02	3793.78
2733.48	3823.78
2733.95	3818.78
2734.41	3740.78
2734.87	3909.78
2735.34	3926.78
2735.8	3873.78
2736.27	3817.78
2736.73	3814.78
2737.19	3818.78
2737.66	3733.78
2738.12	3830.29
2738.59	3827.36
2739.05	3709.78
2739.51	3717.78
2739.98	3717.78
2740.44	3832.78
2740.91	3859.78
2741.37	3845.78
2741.83	3689.78
2742.3	3780.78
2742.76	3805.78
2743.22	3802.78
2743.69	3760.78
2744.15	3796.78
2744.61	3808.78
2745.08	3886.78
2745.54	3888.78
2746.01	3845.78
2746.47	3841.78
2746.93	3925.78
2747.39	3759.78
2747.86	3856.78
2748.32	3863.78
2748.78	3766.78
2749.25	3893.78
2749.71	3804.78
2750.17	3807.78
2750.64	3701.78
2751.1	3886.78
2751.56	3908.78
2752.02	3893.78
2752.49	3892.78
2752.95	3762.78
2753.41	3767.78
2753.87	3838.78
2754.34	3884.78
2754.8	3788.78
2755.26	3914.78
2755.72	3851.78
2756.19	3895.78
2756.65	3921.78
2757.11	3780.78
2757.57	3918.78
2758.04	3828.78
2758.5	3912.78
2758.96	3830.78
2759.42	3892.78
2759.88	3914.78
2760.35	3814.78
2760.81	3777.78
2761.27	3785.78
2761.73	3766.78
2762.19	3731.78
2762.66	3746.78
2763.12	3792.78
2763.58	3779.78
2764.04	3915.78
2764.5	3908.78
2764.96	3829.78
2765.43	3862.78
2765.89	3778.78
2766.35	3895.78
2766.81	3729.78
2767.27	3790.78
2767.73	3833.16
2768.19	3813.78
2768.65	3859.78
2769.12	3832.34
2769.58	3761.78
2770.04	3764.78
2770.5	3829.85
2770.96	3829.28
2771.42	3841.37
2771.88	3814.78
2772.34	3834
2772.8	3835.93
2773.26	3846.6
2773.73	3802.78
2774.19	3938.78
2774.65	3765.78
2775.11	3877.78
2775.57	3813.78
2776.03	3804.78
2776.49	3852.97
2776.95	3903.78
2777.41	3948.78
2777.87	3855.17
2778.33	3971.78
2778.79	3858.78
2779.25	3966.78
2779.71	3825.78
2780.17	3859.78
2780.63	3819.78
2781.09	3855.78
2781.55	3832.78
2782.01	3823.78
2782.47	3933.78
2782.93	3856.78
2783.39	3905.78
2783.85	3943.78
2784.31	3866.78
2784.77	3885.78
2785.23	3946.78
2785.69	3902.78
2786.15	3945.78
2786.61	4010.78
2787.07	3816.78
2787.53	3905.78
2787.99	3969.78
2788.45	3809.78
2788.91	3896.78
2789.37	3824.78
2789.83	3740.78
2790.28	3809.78
2790.74	3848.78
2791.2	3848.78
2791.66	3863.78
2792.12	3935.78
2792.58	3905.78
2793.04	3808.78
2793.5	3915.78
2793.96	3933.78
2794.42	3939.78
2794.88	3875.78
2795.33	3877.78
2795.79	3901.78
2796.25	3985.78
2796.71	3904.78
2797.17	3923.78
2797.63	3936.78
2798.09	3969.78
2798.54	3889.78
2799	3737.78
2799.46	3881.78
2799.92	3887.78
2800.38	3852.78
2800.84	3847.78
2801.29	3801.78
2801.75	3791.78
2802.21	3769.78
2802.67	3805.78
2803.13	3883.64
2803.59	3746.78
2804.04	3762.78
2804.5	3841.78
2804.96	3897.78
2805.42	3932.78
2805.87	3943.78
2806.33	3983.78
2806.79	4011.78
2807.25	4097.78
2807.71	3913.78
2808.16	3855.78
2808.62	3887.78
2809.08	3835.78
2809.54	3875.78
2809.99	3915.78
2810.45	3906.78
2810.91	3935.78
2811.36	3871.78
2811.82	3837.78
2812.28	3788.78
2812.74	3994.78
2813.19	3926.78
2813.65	3879.78
2814.11	3805.78
2814.57	3980.78
2815.02	3864.78
2815.48	3913.78
2815.94	4042.78
2816.39	3911.78
2816.85	3864.78
2817.31	3851.78
2817.76	3843.78
2818.22	3790.78
2818.68	3747.78
2819.13	3787.78
2819.59	3829.78
2820.05	3930.78
2820.5	3917.78
2820.96	3888.78
2821.42	3951.78
2821.87	3907.78
2822.33	3933.78
2822.78	3885.78
2823.24	3959.78
2823.7	3856.78
2824.15	3928.78
2824.61	3946.78
2825.07	4055.78
2825.52	3969.78
2825.98	3889.78
2826.43	4005.78
2826.89	3904.78
2827.35	3848.78
2827.8	3871.78
2828.26	3947.78
2828.71	3916.78
2829.17	3864.78
2829.62	3901.78
2830.08	3973.78
2830.54	4039.78
2830.99	3855.78
2831.45	3971.78
2831.9	3969.78
2832.36	3839.78
2832.81	3899.78
2833.27	3803.78
2833.72	4011.78
2834.18	4028.78
2834.63	3940.78
2835.09	4050.78
2835.54	3997.78
2836	3827.78
2836.45	3873.78
2836.91	3918.78
2837.36	3904.78
2837.82	3988.78
2838.27	4021.78
2838.73	3969.78
2839.18	3954.78
2839.64	3911.78
2840.09	3943.78
2840.55	3902.78
2841	3869.78
2841.46	3903.78
2841.91	3871.78
2842.36	3932.78
2842.82	3907.78
2843.27	3862.78
2843.73	3813.78
2844.18	3782.78
2844.64	3901.78
2845.09	3777.78
2845.54	3819.78
2846	3758.78
2846.45	3773.78
2846.91	3867.78
2847.36	3936.78
2847.82	3734.78
2848.27	3908.78
2848.72	3855.78
2849.18	3851.78
2849.63	3965.78
2850.08	4075.78
2850.54	4031.78
2850.99	3948.78
2851.45	3837.78
2851.9	3921.78
2852.35	3928.49
2852.81	3955.78
2853.26	3971.78
2853.71	3984.78
2854.17	3987.78
2854.62	3948.78
2855.07	3971.78
2855.53	4018.78
2855.98	3843.78
2856.43	3945.78
2856.89	3913.78
2857.34	3958.78
2857.79	3950.78
2858.25	4028.78
2858.7	4031.78
2859.15	4014.78
2859.6	3991.78
2860.06	3975.78
2860.51	3850.78
2860.96	3951.78
2861.42	3866.78
2861.87	3964.78
2862.32	3853.78
2862.77	3921.78
2863.23	3894.78
2863.68	3953.78
2864.13	3960.78
2864.58	4012.78
2865.04	3877.78
2865.49	3860.78
2865.94	3806.78
2866.39	4017.78
2866.84	3909.78
2867.3	3897.78
2867.75	3956.78
2868.2	3979.78
2868.65	3955.78
2869.11	3835.78
2869.56	3905.78
2870.01	3928.78
2870.46	3805.78
2870.91	4025.78
2871.36	4055.78
2871.82	4016.78
2872.27	4010.78
2872.72	4013.78
2873.17	4021.78
2873.62	3816.78
2874.07	3964.78
2874.53	3901.78
2874.98	3881.78
2875.43	3928.78
2875.88	3970.78
2876.33	4056.78
2876.78	3983.78
2877.23	3921.78
2877.69	4069.78
2878.14	3994.78
2878.59	3948.78
2879.04	3961.78
2879.49	3861.78
2879.94	3815.78
2880.39	3984.78
2880.84	3912.78
2881.29	3998.78
2881.74	4068.78
2882.2	4009.78
2882.65	4026.78
2883.1	3951.78
2883.55	3960.78
2884	3977.78
2884.45	3929.78
2884.9	3907.78
2885.35	3922.78
2885.8	3857.78
2886.25	4112.78
2886.7	4057.78
2887.15	3946.78
2887.6	3944.78
2888.05	4001.78
2888.5	3919.78
2888.95	3919.78
2889.4	3851.78
2889.85	3945.78
2890.3	3897.78
2890.75	3809.78
2891.2	3796.78
2891.65	3957.22
2892.1	3953.98
2892.55	3953.51
2893	3958.99
2893.45	3959.39
2893.9	3775.78
2894.35	3776.78
2894.8	4004.78
2895.25	3964.78
2895.7	3961.78
2896.15	4033.78
2896.6	4121.78
2897.05	3956.78
2897.5	4001.78
2897.95	3935.78
2898.4	3941.78
2898.85	4006.78
2899.29	3909.78
2899.74	3977.78
2900.19	3918.78
2900.64	4088.78
2901.09	4028.78
2901.54	4034.78
2901.99	3978.78
2902.44	3941.78
2902.89	3974.78
2903.34	3994.78
2903.78	4156.78
2904.23	3972.78
2904.68	4010.78
2905.13	4008.78
2905.58	4044.78
2906.03	4046.78
2906.48	3984.78
2906.92	3928.78
2907.37	3931.78
2907.82	3972.78
2908.27	3929.78
2908.72	3947.78
2909.17	3993.78
2909.61	3992.78
2910.06	4003.78
2910.51	4077.78
2910.96	4084.78
2911.41	3966.78
2911.86	3916.78
2912.3	3810.78
2912.75	3938.78
2913.2	4019.78
2913.65	3951.78
2914.1	3807.78
2914.54	4047.78
2914.99	4044.78
2915.44	4169.78
2915.89	3959.78
2916.33	4020.78
2916.78	4008.78
2917.23	3889.78
2917.68	3968.78
2918.12	3955.78
2918.57	3888.78
2919.02	3947.78
2919.47	4076.78
2919.91	4023.78
2920.36	4118.78
2920.81	4029.78
2921.26	3835.78
2921.7	3996.78
2922.15	3968.78
2922.6	3896.78
2923.04	4042.78
2923.49	4054.78
2923.94	3823.78
2924.38	3898.78
2924.83	4065.78
2925.28	4111.78
2925.73	3999.78
2926.17	3988.78
2926.62	3866.78
2927.06	4094.78
2927.51	4040.78
2927.96	4058.78
2928.41	4006.78
2928.85	3979.78
2929.3	4069.78
2929.74	4069.78
2930.19	3921.78
2930.64	4009.78
2931.08	3944.78
2931.53	3935.78
2931.98	3949.78
2932.42	3915.78
2932.87	4047.78
2933.31	3990.78
2933.76	3979.78
2934.21	4073.78
2934.65	3938.78
2935.1	4044.78
2935.54	4067.78
2935.99	4005.78
2936.44	4020.78
2936.88	3975.78
2937.33	3965.78
2937.77	4079.78
2938.22	3961.78
2938.66	4080.78
2939.11	4085.78
2939.56	3949.78
2940	4035.78
2940.45	3924.78
2940.89	3960.78
2941.34	3861.78
2941.78	4018.78
2942.23	3951.78
2942.67	3912.78
2943.12	3887.78
2943.56	4004.2
2944.01	4065.78
2944.45	4075.78
2944.9	4062.78
2945.34	4004.54
2945.79	4080.78
2946.23	4111.78
2946.68	4164.78
2947.12	4002.74
2947.57	4002.29
2948.01	3870.78
2948.46	4004.8
2948.9	4017.78
2949.34	4097.78
2949.79	3980.78
2950.23	3920.78
2950.68	3925.78
2951.12	3991.78
2951.57	3996.78
2952.01	3991.78
2952.46	4031.78
2952.9	3969.78
2953.34	4104.78
2953.79	3985.78
2954.23	4060.78
2954.68	3999.78
2955.12	4072.78
2955.56	4050.78
2956.01	3948.78
2956.45	3986.78
2956.9	4010.78
2957.34	4065.78
2957.79	4036.78
2958.23	4062.78
2958.67	3985.78
2959.12	4078.78
2959.56	4001.78
2960	3903.78
2960.45	3948.78
2960.89	3976.78
2961.33	4048.78
2961.78	4070.78
2962.22	3973.78
2962.66	3992.78
2963.11	4119.78
2963.55	4071.78
2963.99	4006.78
2964.44	4047.78
2964.88	3893.78
2965.32	3905.78
2965.77	4031.78
2966.21	3976.78
2966.65	4000.78
2967.09	4001.78
2967.54	4021.78
2967.98	4098.78
2968.42	4041.78
2968.87	4029.78
2969.31	4007.78
2969.75	4015.78
2970.19	3922.78
2970.64	3944.78
2971.08	4044.78
2971.52	4081.78
2971.96	4091.78
2972.41	4046.78
2972.85	4022.78
2973.29	4076.78
2973.73	3944.78
2974.18	4001.78
2974.62	3984.78
2975.06	3934.78
2975.5	3961.78
2975.95	4030.78
2976.39	4045.78
2976.83	4041.78
2977.27	4070.78
2977.71	4074.78
2978.16	3988.78
2978.6	4002.78
2979.04	3922.78
2979.48	3849.78
2979.92	3972.78
2980.36	3991.78
2980.81	3915.78
2981.25	4000
2981.69	4000.8
2982.13	4001.73
2982.57	3998.83
2983.01	3999.04
2983.46	3833.78
2983.9	3892.78
2984.34	3900.78
2984.78	3929.78
2985.22	4071.78
2985.66	4074.78
2986.1	4029.78
2986.54	4096.78
2986.99	4051.78
2987.43	4085.78
2987.87	4003.78
2988.31	3960.78
2988.75	4067.78
2989.19	3886.78
2989.63	3909.78
2990.07	4030.78
2990.51	4070.78
2990.95	4055.78
2991.39	3983.78
2991.83	3994.78
2992.28	3937.78
2992.72	3948.78
2993.16	3964.78
2993.6	3933.78
2994.04	4062.78
2994.48	4074.78
2994.92	3987.78
2995.36	4067.78
2995.8	3921.78
2996.24	4131.78
2996.68	4033.78
2997.12	4027.78
2997.56	4010.78
2998	4040.78
2998.44	3972.78
2998.88	3971.78
2999.32	3983.78
2999.76	4039.78
3000.2	4092.78
3000.64	3927.78
3001.08	4072.78
3001.52	3964.78
3001.96	4065.78
3002.4	4029.78
3002.84	3855.78
3003.28	4009.78
3003.72	4048.78
3004.16	4019.78
3004.59	3953.78
3005.03	4131.78
3005.47	4076.78
3005.91	3948.78
3006.35	3869.78
3006.79	3954.78
3007.23	4021.78
3007.67	3850.78
3008.11	3990.78
3008.55	4010.78
3008.99	4065.78
3009.43	4093.78
3009.87	4017.78
3010.3	4057.78
3010.74	4084.78
3011.18	3967.78
3011.62	3976.78
3012.06	3978.78
3012.5	3889.78
3012.94	3975.78
3013.38	3965.78
3013.82	4014.78
3014.25	4085.78
3014.69	4036.78
3015.13	4143.78
3015.57	3927.78
3016.01	3938.78
3016.45	3946.78
3016.88	3884.78
3017.32	3966.78
3017.76	4013.78
3018.2	4051.78
3018.64	4025.78
3019.08	3968.78
3019.51	4138.78
3019.95	3973.78
3020.39	4061.78
3020.83	3867.78
3021.26	4025.78
3021.7	4026.78
3022.14	3963.78
3022.58	4012.78
3023.02	4017.78
3023.45	4012.78
3023.89	4129.78
3024.33	4047.78
3024.77	4086.78
3025.2	3987.42
3025.64	4110.96
3026.08	4027.4
3026.52	3935.09
3026.95	3936.06
3027.39	3996.71
3027.83	4122.85
3028.27	4089.77
3028.7	4132.39
3029.14	4025.32
3029.58	3851.58
3030.01	3932.8
3030.45	3971.04
3030.89	4019.4
3031.33	3947.53
3031.76	3922.03
3032.2	4008.35
3032.64	4150.32
3033.07	4022.29
3033.51	3997.31
3033.95	4081.97
3034.38	4044.22
3034.82	3941.67
3035.26	3836.68
3035.69	3851.22
3036.13	3960.01
3036.57	3950.09
3037	3936.45
3037.44	3995.5
3037.88	3938.68
3038.31	4055.02
3038.75	3983.61
3039.18	4007.21
3039.62	3878.51
3040.06	4063.85
3040.49	3856.86
3040.93	3997.14
3041.36	4020.09
3041.8	3894.87
3042.24	3919.58
3042.67	4054.7
3043.11	4108.31
3043.54	3989.77
3043.98	4028.69
3044.42	3948.05
3044.85	3992.34
3045.29	3927.47
3045.72	3951.36
3046.16	4056.1
3046.59	3958.05
3047.03	4029.98
3047.47	4064.29
3047.9	4070.36
3048.34	4044.1
3048.77	4054.93
3049.21	4045.58
3049.64	3950.99
3050.08	3961.7
3050.51	3928.03
3050.95	3914.97
3051.38	4010.97
3051.82	4035.9
3052.25	4053.5
3052.69	4064.69
3053.12	4078.62
3053.56	4014.9
3053.99	3993.91
3054.43	3944.1
3054.86	3995.86
3055.3	3968.39
3055.73	4048.97
3056.17	4071.83
3056.6	4155.03
3057.03	4110.18
3057.47	4003.56
3057.9	4060.64
3058.34	3999.54
3058.77	3985.6
3059.21	3975.96
3059.64	3930.63
3060.08	4009
3060.51	4073.63
3060.94	4014.66
3061.38	3962.36
3061.81	4080.26
3062.25	4103.96
3062.68	3919.09
3063.11	3970.29
3063.55	3913.48
3063.98	3876.22
3064.42	3949.88
3064.85	4016.74
3065.28	4011.95
3065.72	3981.94
3066.15	4113.97
3066.58	4058.89
3067.02	4079.37
3067.45	3937.74
3067.89	3934.77
3068.32	3922.42
3068.75	3908.28
3069.19	3969.21
3069.62	3942.79
3070.05	3992.67
3070.49	3981.79
3070.92	3945.11
3071.35	3989.91
3071.79	4038.43
3072.22	3945.08
3072.65	4037.13
3073.09	3916.57
3073.52	3857.39
3073.95	3950.75
3074.38	4051.44
3074.82	4018.31
3075.25	4077.28
3075.68	4077.71
3076.11	4056.82
3076.55	4094.39
3076.98	3945.56
3077.41	4060.76
3077.85	3992.33
3078.28	3907.81
3078.71	4001
3079.14	4028.42
3079.58	4057.38
3080.01	4015.68
3080.44	4081.84
3080.87	4089.44
3081.31	4103.78
3081.74	4043.71
3082.17	3914.13
3082.6	3964.3
3083.03	3964.75
3083.47	3982.51
3083.9	3988.75
3084.33	4078.9
3084.76	4082.56
3085.19	4019.97
3085.63	4005.25
3086.06	4082.05
3086.49	3995.53
3086.92	3964.05
3087.35	3976.07
3087.79	3959.73
3088.22	4044.26
3088.65	3982.66
3089.08	3973.49
3089.51	3959.62
3089.94	3946.28
3090.38	3931.77
3090.81	3864.04
3091.24	3901.1
3091.67	3838.87
3092.1	3994.97
3092.53	3883.83
3092.96	3899.6
3093.39	3936.5
3093.82	3950.34
3094.26	3907.36
3094.69	3995.06
3095.12	4028.81
3095.55	4053.26
3095.98	4025.75
3096.41	4013.75
3096.84	4009.06
3097.27	3945.5
3097.7	4040.25
3098.13	3989.83
3098.56	4028.83
3099	4074.5
3099.43	4044.17
3099.86	4057.13
3100.29	4110.97
3100.72	3966.41
3101.15	3965.88
3101.58	4054.08
3102.01	3973.07
3102.44	3892.45
3102.87	4017.94
3103.3	3992.89
3103.73	3976.17
3104.16	4060.54
3104.59	4116.48
3105.02	3985.14
3105.45	4056.8
3105.88	3988.25
3106.31	4000.18
3106.74	3990.76
3107.17	4078.57
3107.6	4044.38
3108.03	3986.21
3108.46	4080.73
3108.89	4041.45
3109.32	4027.74
3109.75	4027.08
3110.18	4005.91
3110.61	4002.04
3111.04	3934.74
3111.47	3955.46
3111.9	4024.21
3112.33	3973.61
3112.75	4017.68
3113.18	4016.94
3113.61	3942.29
3114.04	4084.06
3114.47	4040.59
3114.9	3994.26
3115.33	3989.35
3115.76	3959.06
3116.19	3944.75
3116.62	3959.4
3117.05	3986.18
3117.48	4041.02
3117.9	4169.27
3118.33	4089.88
3118.76	3991.21
3119.19	3998.65
3119.62	3979.66
3120.05	4021.62
3120.48	3952.05
3120.91	4032.05
3121.33	3889.31
3121.76	4052.63
3122.19	4001.54
3122.62	4065.67
3123.05	3915.51
3123.48	3940.78
3123.9	3950.28
3124.33	4022.48
3124.76	3941.79
3125.19	3990.24
3125.62	3930.24
3126.05	4037.91
3126.47	3999.26
3126.9	4092.98
3127.33	4148.76
3127.76	4068.66
3128.18	4031.34
3128.61	3924.93
3129.04	4034.88
3129.47	3966.07
3129.9	3943.64
3130.32	4038.36
3130.75	4147.47
3131.18	4049.82
3131.61	4057.79
3132.03	4077.79
3132.46	4073.05
3132.89	4053.57
3133.32	4067.71
3133.74	4102.53
3134.17	4046.01
3134.6	4030.24
3135.03	4021.49
3135.45	3998.56
3135.88	4037.87
3136.31	3996.26
3136.74	4034.79
3137.16	4050.26
3137.59	3979.15
3138.02	4064.62
3138.44	3994.42
3138.87	3898.64
3139.3	3995.33
3139.72	3937.37
3140.15	3988.16
3140.58	4020.25
3141	4106.16
3141.43	4115.96
3141.86	4050.83
3142.28	4084.36
3142.71	4078.52
3143.14	4112.52
3143.56	4099.4
3143.99	4112.21
3144.42	4056.36
3144.84	4041.36
3145.27	4063.03
3145.69	4220.81
3146.12	4225.57
3146.55	4103.45
3146.97	4018.81
3147.4	4014.6
3147.83	3977.29
3148.25	4027.51
3148.68	3967.47
3149.1	3918.19
3149.53	4010.2
3149.95	3980.16
3150.38	4188.76
3150.81	4133.5
3151.23	4067.86
3151.66	4140.7
3152.08	4141.8
3152.51	4063.29
3152.94	4056.41
3153.36	4100.03
3153.79	4045.32
3154.21	4067.72
3154.36	4079.72
3154.79	4107.72
3155.22	4035.72
3155.66	4109.72
3156.09	4070.72
3156.52	4126.72
3156.95	4086.72
3157.39	4064.72
3157.82	4056.72
3158.25	4010.72
3158.68	3972.72
3159.11	4067.72
3159.55	4117.72
3159.98	4065.72
3160.41	4194.72
3160.84	4104.72
3161.27	3931.72
3161.7	4073.72
3162.14	3962.72
3162.57	4014.72
3163	3883.72
3163.43	3880.72
3163.86	4063.71
3164.29	3890.72
3164.73	4057.72
3165.16	3934.72
3165.59	4037.72
3166.02	4029.72
3166.45	3982.72
3166.88	3921.72
3167.31	3954.72
3167.75	4041.72
3168.18	3981.72
3168.61	4184.72
3169.04	4172.72
3169.47	4168.72
3169.9	4137.72
3170.33	4158.72
3170.76	4101.72
3171.2	4028.72
3171.63	4078.72
3172.06	4069.72
3172.49	4086.72
3172.92	4030.72
3173.35	4070.72
3173.78	4197.72
3174.21	4022.72
3174.64	4145.72
3175.07	4154.72
3175.5	4100.72
3175.93	4110.72
3176.36	4009.72
3176.79	3993.72
3177.22	4059.72
3177.65	4062.72
3178.08	4164.72
3178.51	4146.72
3178.94	4050.72
3179.37	3997.72
3179.81	4216.72
3180.24	4186.72
3180.66	4068.72
3181.1	4046.72
3181.53	3968.72
3181.95	4021.72
3182.39	3965.72
3182.81	4070.72
3183.24	4171.72
3183.68	4125.72
3184.1	4120.72
3184.53	4045.72
3184.96	4060.72
3185.39	4117.72
3185.82	3953.72
3186.25	4078.72
3186.68	3968.72
3187.11	4118.72
3187.54	4043.72
3187.97	4124.72
3188.4	4120.72
3188.83	4160.72
3189.26	4128.72
3189.69	4121.72
3190.12	4026.72
3190.55	4064.72
3190.98	4097.72
3191.4	3997.72
3191.83	4126.72
3192.26	4076.72
3192.69	4000.72
3193.12	4108.72
3193.55	4245.72
3193.98	4221.72
3194.41	4078.72
3194.84	4014.72
3195.26	4055.72
3195.69	4133.72
3196.12	3949.72
3196.55	4048.72
3196.98	4072.72
3197.41	4068.72
3197.84	4155.72
3198.26	4190.72
3198.69	4018.72
3199.12	4015.72
3199.55	4032.72
3199.98	4129.72
3200.41	4065.72
3200.83	4058.72
3201.26	3911.72
3201.69	4078.42
3202.12	4102.72
3202.55	4072.72
3202.98	3938.72
3203.4	4131.72
3203.83	4176.72
3204.26	4208.72
3204.69	4056.72
3205.11	4112.72
3205.54	4022.72
3205.97	4069.72
3206.4	3921.72
3206.82	3922.72
3207.25	4045.72
3207.68	3929.72
3208.11	4083.47
3208.54	4084.54
3208.96	4091.3
3209.39	4091.48
3209.82	4083.76
3210.25	3931.72
3210.67	4140.72
3211.1	4071.72
3211.53	4068.72
3211.95	4127.72
3212.38	4212.72
3212.81	4069.72
3213.24	4137.72
3213.66	4147.72
3214.09	4080.72
3214.52	4056.72
3214.94	4053.72
3215.37	4000.72
3215.8	4150.72
3216.22	4125.72
3216.65	3993.72
3217.08	4184.72
3217.5	4144.72
3217.93	4121.72
3218.36	4077.72
3218.78	4117.72
3219.21	4080.72
3219.64	4108.72
3220.06	4014.72
3220.49	4088.72
3220.92	4032.72
3221.34	4202.72
3221.77	4179.72
3222.2	4160.72
3222.62	4138.72
3223.05	4207.72
3223.47	4035.72
3223.9	4174.72
3224.33	4067.72
3224.75	4103.72
3225.18	4077.72
3225.6	4196.72
3226.03	4163.72
3226.46	4159.72
3226.88	4044.72
3227.31	4195.72
3227.73	4115.72
3228.16	4177.72
3228.58	4099.72
3229.01	4044.72
3229.44	4030.72
3229.86	4074.72
3230.29	4099.72
3230.71	4049.72
3231.14	4095.72
3231.56	4057.72
3231.99	4235.72
3232.41	4117.72
3232.84	4092.72
3233.26	4033.72
3233.69	4046.72
3234.11	4089.72
3234.54	4190.72
3234.96	3935.72
3235.39	4283.72
3235.81	4126.72
3236.24	4243.72
3236.67	4114.72
3237.09	4056.72
3237.51	4163.72
3237.94	4193.72
3238.36	4125.72
3238.79	4162.72
3239.21	4150.72
3239.64	4130.72
3240.06	4146.72
3240.49	4171.72
3240.91	4111.72
3241.34	4205.72
3241.76	4148.72
3242.19	4182.72
3242.61	4095.72
3243.03	4168.72
3243.46	4025.72
3243.88	4003.72
3244.31	4165.72
3244.73	4147.72
3245.16	4161.72
3245.58	4148.72
3246	4173.72
3246.43	4172.72
3246.85	4036.72
3247.27	4109.72
3247.7	4148.72
3248.12	4059.72
3248.55	4016.72
3248.97	4071.72
3249.39	4143.72
3249.82	4103.72
3250.24	4190.72
3250.66	4173.72
3251.09	4082.72
3251.51	4124.72
3251.94	4061.72
3252.36	4127.72
3252.78	4059.72
3253.21	4169.72
3253.63	4165.72
3254.05	4098.72
3254.48	4171.72
3254.9	4221.72
3255.32	4257.72
3255.75	4061.72
3256.17	4101.72
3256.59	4161.72
3257.02	4046.72
3257.44	4088.72
3257.86	4036.72
3258.28	4126.72
3258.71	4162.72
3259.13	4083.72
3259.55	4167.72
3259.98	4176.72
3260.4	4194.72
3260.82	4033.72
3261.24	4147.72
3261.67	4059.72
3262.09	4115.72
3262.51	4127.72
3262.93	4120.72
3263.36	4195.72
3263.78	4191.72
3264.2	4137.72
3264.62	4227.72
3265.05	4159.72
3265.47	4099.72
3265.89	4192.72
3266.31	4022.72
3266.74	4094.72
3267.16	4047.72
3267.58	4002.72
3268	4097.72
3268.42	4154.72
3268.85	4142.72
3269.27	4160.72
3269.69	4084.72
3270.11	4201.72
3270.53	4015.72
3270.95	4011.72
3271.38	4127.72
3271.8	4021.72
3272.22	4072.72
3272.64	4118.72
3273.06	4232.72
3273.49	4086.72
3273.91	4219.72
3274.33	4200.72
3274.75	4196.72
3275.17	4109.72
3275.59	4071.72
3276.01	4106.72
3276.43	4122.72
3276.86	3985.72
3277.28	4070.72
3277.7	4084.72
3278.12	4242.72
3278.54	4184.72
3278.96	4061.72
3279.38	4171.72
3279.8	4049.72
3280.22	4087.72
3280.64	4071.72
3281.07	4005.72
3281.49	4124.72
3281.91	4078.72
3282.33	4121.72
3282.75	4176.72
3283.17	4139.72
3283.59	4084.72
3284.01	4200.72
3284.43	4131.72
3284.85	4108.72
3285.27	4224.72
3285.69	3952.72
3286.11	4088.72
3286.53	4217.72
3286.95	4141.72
3287.37	4179.72
3287.79	4090.72
3288.22	4232.72
3288.64	4105.97
3289.06	4105.72
3289.48	4163.72
3289.9	4067.72
3290.32	4110.72
3290.74	4117.72
3291.16	4102.72
3291.58	4145.72
3292	4105.61
3292.42	3955.72
3292.83	4066.72
3293.25	4013.72
3293.67	4104.87
3294.09	4104.38
3294.51	4103.63
3294.93	4104.44
3295.35	3924.72
3295.77	4004.72
3296.19	4127.72
3296.61	4089.72
3297.03	4215.72
3297.45	4166.72
3297.87	4198.72
3298.29	4163.72
3298.71	4196.72
3299.13	4028.72
3299.55	4044.72
3299.96	4040.72
3300.38	4147.72
3300.8	4143.72
3301.22	4124.72
3301.64	4162.72
3302.06	4135.72
3302.48	4173.72
3302.9	4170.72
3303.32	4201.72
3303.73	4103.72
3304.15	4111.72
3304.57	3969.72
3304.99	4145.72
3305.41	4085.72
3305.83	4125.72
3306.25	4066.72
3306.66	4174.72
3307.08	4183.72
3307.5	4062.72
3307.92	4067.72
3308.34	4137.72
3308.76	4164.72
3309.17	4113.72
3309.59	4064.72
3310.01	4050.72
3310.43	4101.72
3310.85	4125.72
3311.27	4118.72
3311.68	4212.72
3312.1	4045.72
3312.52	4263.72
3312.94	4037.72
3313.36	4067.72
3313.77	4160.72
3314.19	4069.72
3314.61	4204.72
3315.03	4056.72
3315.44	3990.72
3315.86	4187.72
3316.28	4135.72
3316.7	4303.72
3317.11	4217.72
3317.53	4019.72
3317.95	4046.72
3318.37	4099.72
3318.78	3957.72
3319.2	4016.72
3319.62	4074.72
3320.04	4110.72
3320.45	4229.72
3320.87	4133.72
3321.29	4146.72
3321.7	4161.72
3322.12	4054.72
3322.54	4072.72
3322.96	4096.72
3323.37	4154.72
3323.79	4021.72
3324.21	4093.72
3324.62	4232.72
3325.04	4084.72
3325.46	4088.72
3325.87	4098.72
3326.29	4162.72
3326.71	4109.72
3327.12	4117.72
3327.54	4057.72
3327.96	4043.72
3328.37	4110.72
3328.79	4036.72
3329.21	4014.72
3329.62	4187.72
3330.04	4253.72
3330.45	4046.72
3330.87	4099.72
3331.29	3967.72
3331.7	4182.72
3332.12	4150.72
3332.54	4043.72
3332.95	4041.72
3333.37	4094.72
3333.78	4189.72
3334.2	4058.72
3334.61	4179.54
3335.03	4199.01
3335.45	4070.03
3335.86	4137.42
3336.28	4072.09
3336.69	4128.49
3337.11	4185.82
3337.53	4092.04
3337.94	4081.59
3338.36	4089.21
3338.77	4179.25
3339.19	4182.13
3339.6	4286.06
3340.02	4252.12
3340.43	4168.68
3340.85	4117.71
3341.27	4088.98
3341.68	4050.65
3342.1	4140.62
3342.51	4120.98
3342.93	4014.76
3343.34	4181.85
3343.75	4059.83
3344.17	4036.32
3344.59	4064.3
3345	4138.56
3345.42	4071.22
3345.83	4013.09
3346.25	4019.17
3346.66	4046.82
3347.07	4038.91
3347.49	4105.62
3347.9	4112.13
3348.32	4121.66
3348.73	4031.83
3349.15	4038.68
3349.56	4127.67
3349.98	4122.42
3350.39	4075.74
3350.8	4044.91
3351.22	4094.83
3351.63	4173.1
3352.05	3995.84
3352.46	4063.81
3352.88	4035.3
3353.29	4055.27
3353.71	4140.76
3354.12	4096.22
3354.53	4098.28
3354.95	4202.88
3355.36	4178.35
3355.78	4201.67
3356.19	4148.16
3356.6	4038.62
3357.02	4063.23
3357.43	4089.99
3357.84	4072.42
3358.26	4217.54
3358.67	4057.52
3359.09	4123.09
3359.5	4145.77
3359.91	4037.98
3360.33	4164.95
3360.74	4039.02
3361.15	4078.59
3361.57	4144.64
3361.98	4180.02
3362.39	4229.44
3362.81	4073.04
3363.22	4206
3363.63	4159.05
3364.05	4240.77
3364.46	4236.43
3364.87	4143.3
3365.29	4119.46
3365.7	4081.71
3366.11	4093.58
3366.52	4122.22
3366.94	4038.42
3367.35	4042.22
3367.76	4214.03
3368.18	4129.74
3368.59	3991.55
3369	4071.79
3369.41	4115.91
3369.83	4080.24
3370.24	4115.82
3370.65	4076.26
3371.07	4007.58
3371.48	4129.16
3371.89	4112.87
3372.3	4186.44
3372.71	4150.52
3373.13	4199.91
3373.54	4149.84
3373.95	4040.48
3374.36	4131.25
3374.78	4056.9
3375.19	3979.14
3375.6	4040.3
3376.01	4022.7
3376.42	4053.8
3376.84	3972.86
3377.25	4022.33
3377.66	4095.75
3378.07	4053.9
3378.48	4143.18
3378.9	4158.49
3379.31	4082.59
3379.72	4047.7
3380.13	4063.14
3380.54	4041.78
3380.95	4113.35
3381.37	4113.99
3381.78	4103.55
3382.19	4200.08
3382.6	4181.96
3383.01	4224.53
3383.42	4109.02
3383.83	4067.26
3384.25	4086.16
3384.66	4064.61
3385.07	4070.39
3385.48	4136.03
3385.89	4100.33
3386.3	4197.59
3386.71	4112.7
3387.12	4135.44
3387.53	4192.67
3387.94	4222.05
3388.36	4114.27
3388.77	4069.81
3389.18	4038.2
3389.59	4073.3
3390	4144.37
3390.41	4117.77
3390.82	4059.96
3391.23	4136.63
3391.64	4145.93
3392.05	4202.23
3392.46	4113.66
3392.87	4146.28
3393.28	4123.34
3393.69	4172.06
3394.1	4080.93
3394.51	4128.58
3394.93	4028.06
3395.34	4053.3
3395.75	4105.94
3396.16	4078.14
3396.57	4170.15
3396.98	4098.37
3397.39	4072.68
3397.8	4041.87
3398.21	3993.4
3398.62	4064.67
3399.03	4014.3
3399.44	3983.15
3399.85	4047.52
3400.26	4009.79
3400.67	4035.2
3401.07	4090.31
3401.49	4257.26
3401.9	4287.97
3402.3	4174.63
3402.71	4207.76
3403.12	4106.47
3403.53	4115.5
3403.94	4076.84
3404.35	4160.64
3404.76	4148.45
3405.17	4148.58
3405.58	4225.23
3405.99	4276.22
3406.4	4246.11
3406.81	4268.32
3407.22	4158.36
3407.63	4144.09
3408.04	4139.48
3408.44	4024.82
3408.85	4146.35
3409.26	4050.04
3409.67	4149.13
3410.08	4136.82
3410.49	4154.48
3410.9	4265.54
3411.31	4192.12
3411.72	4177.01
3412.12	4126.51
3412.53	4143.66
3412.94	4126.15
3413.35	4144.11
3413.76	4125.24
3414.17	4173.26
3414.58	4155.64
3414.98	4230.38
3415.39	4166.04
3415.8	4290.84
3416.21	4265.93
3416.62	4191.57
3417.03	4239.66
3417.43	4223.85
3417.84	4118.12
3418.25	4064.19
3418.66	4092.84
3419.07	4146.5
3419.47	4156.74
3419.88	4157.9
3420.29	4194.43
3420.7	4261.28
3421.11	4318.24
3421.51	4221.31
3421.92	4214.5
3422.33	4152.18
3422.74	4185.52
3423.14	4117.25
3423.55	4129.55
3423.96	4134.48
3424.37	4239.89
3424.77	4210.59
3425.18	4246.37
3425.59	4139.19
3426	4201.06
3426.41	4174.35
3426.81	4164.86
3427.22	4190.12
3427.63	4191.18
3428.03	4192.22
3428.44	4194.31
3428.85	4085.38
3429.26	4116.32
3429.66	4177.85
3430.07	4116.48
3430.48	4247.19
3430.88	4211.68
3431.29	4205
3431.7	4129.86
3432.1	4187.42
3432.51	4218.51
3432.92	4252.99
3433.33	4221.15
3433.73	4185.51
3434.14	4274.72
3434.54	4276.47
3434.95	4273.68
3435.36	4265.68
3435.76	4262.59
3436.17	4231.78
3436.58	4113.46
3436.98	4143.12
3437.39	4176.14
3437.8	4267.47
3438.2	4305.27
3438.61	4234.98
3439.02	4263.38
3439.42	4301.23
3439.83	4234.16
3440.23	4244.42
3440.64	4225.75
3441.04	4229.69
3441.45	4238.62
3441.86	4234.51
3442.26	4117.76
3442.67	4189.33
3443.07	4176.88
3443.48	4219.64
3443.89	4325.48
3444.29	4318.27
3444.7	4403.41
3445.1	4297.42
3445.51	4167.62
3445.92	4241.17
3446.32	4258.69
3446.72	4151.31
3447.13	4296.43
3447.54	4263.82
3447.94	4328.12
3448.35	4359.21
3448.75	4302.96
3449.16	4354.98
3449.56	4361.71
3449.97	4171.02
3450.37	4296.09
3450.78	4102.59
3451.18	4215.58
3451.59	4352.73
3451.99	4254.07
3452.4	4300.58
3452.8	4265.11
3453.21	4266.61
3453.61	4248.35
3454.02	4347.63
3454.42	4219.01
3454.83	4274.09
3455.23	4286.35
3455.64	4285.92
3456.04	4281.27
3456.45	4267.65
3456.85	4299.9
3457.25	4291.56
3457.52	4268.56
3457.93	4373.56
3458.34	4301.56
3458.75	4277.56
3459.17	4403.56
3459.58	4304.56
3459.99	4253.56
3460.4	4277.56
3460.81	4241.56
3461.22	4290.56
3461.63	4406.56
3462.04	4315.56
3462.45	4421.56
3462.86	4291.56
3463.28	4286.56
3463.69	4293.56
3464.1	4225.56
3464.51	4297.56
3464.92	4226.56
3465.33	4302.18
3465.74	4147.56
3466.15	4185.56
3466.56	4171.56
3466.97	4217.56
3467.38	4167.56
3467.79	4339.56
3468.2	4182.56
3468.61	4211.56
3469.02	4187.56
3469.43	4294.56
3469.84	4276.56
3470.25	4241.56
3470.66	4251.56
3471.07	4407.56
3471.48	4402.56
3471.89	4359.56
3472.3	4440.56
3472.71	4320.56
3473.12	4321.56
3473.53	4395.56
3473.94	4334.56
3474.35	4291.56
3474.76	4304.56
3475.17	4303.56
3475.58	4443.56
3475.99	4285.56
3476.4	4307.56
3476.81	4465.56
3477.22	4390.56
3477.63	4376.56
3478.04	4297.56
3478.45	4360.56
3478.86	4427.56
3479.27	4331.56
3479.68	4234.56
3480.09	4359.56
3480.5	4309.56
3480.91	4374.56
3481.31	4295.56
3481.72	4465.56
3482.13	4397.56
3482.54	4444.56
3482.95	4367.56
3483.36	4209.56
3483.77	4298.56
3484.18	4345.56
3484.59	4291.56
3484.99	4353.56
3485.4	4358.56
3485.81	4409.56
3486.22	4486.56
3486.63	4433.56
3487.04	4423.56
3487.45	4361.56
3487.86	4340.56
3488.26	4340.56
3488.67	4374.95
3489.08	4276.56
3489.49	4402.56
3489.9	4368.93
3490.31	4368.75
3490.72	4371.39
3491.12	4440.56
3491.53	4401.56
3491.94	4344.56
3492.35	4574.56
3492.76	4316.56
3493.16	4299.56
3493.57	4391.56
3493.98	4414.56
3494.39	4325.56
3494.8	4487.56
3495.2	4420.56
3495.61	4518.56
3496.02	4522.56
3496.43	4313.56
3496.83	4447.56
3497.24	4252.56
3497.65	4273.56
3498.06	4403.56
3498.47	4408.56
3498.87	4418.56
3499.28	4437.56
3499.69	4435.56
3500.1	4364.56
3500.5	4481.56
3500.91	4528.56
3501.32	4516.56
3501.73	4426.56
3502.13	4403.56
3502.54	4427.56
3502.95	4432.56
3503.36	4408.56
3503.76	4419.56
3504.17	4538.56
3504.58	4609.56
3504.98	4489.56
3505.39	4452.56
3505.8	4538.56
3506.2	4421.56
3506.61	4347.56
3507.02	4218.56
3507.43	4296.56
3507.83	4202.56
3508.24	4441.28
3508.65	4443.98
3509.05	4445.31
3509.46	4456.76
3509.87	4458.23
3510.27	4315.56
3510.68	4364.56
3511.08	4515.56
3511.49	4547.56
3511.9	4365.56
3512.3	4411.56
3512.71	4418.56
3513.12	4465.56
3513.52	4446.56
3513.93	4471.56
3514.33	4626.56
3514.74	4445.56
3515.15	4453.56
3515.55	4513.56
3515.96	4540.56
3516.37	4544.56
3516.77	4401.56
3517.18	4478.56
3517.58	4414.56
3517.99	4490.56
3518.39	4411.56
3518.8	4551.56
3519.21	4597.56
3519.61	4617.56
3520.02	4506.56
3520.42	4491.56
3520.83	4564.56
3521.23	4479.56
3521.64	4515.56
3522.05	4579.56
3522.45	4486.56
3522.86	4458.56
3523.26	4544.56
3523.67	4506.56
3524.07	4552.56
3524.48	4386.56
3524.88	4635.56
3525.29	4575.56
3525.69	4486.56
3526.1	4461.56
3526.5	4244.56
3526.91	4507.56
3527.31	4436.56
3527.72	4489.56
3528.12	4531.56
3528.53	4433.56
3528.93	4552.56
3529.34	4557.56
3529.74	4499.56
3530.15	4615.56
3530.55	4471.56
3530.96	4530.56
3531.36	4599.56
3531.77	4550.56
3532.17	4510.56
3532.58	4529.56
3532.98	4676.56
3533.38	4666.56
3533.79	4708.56
3534.19	4637.56
3534.6	4547.56
3535	4566.56
3535.41	4457.56
3535.81	4391.56
3536.21	4498.56
3536.62	4642.56
3537.02	4548.56
3537.43	4556.56
3537.83	4641.56
3538.23	4636.56
3538.64	4754.56
3539.04	4644.56
3539.45	4599.56
3539.85	4513.56
3540.25	4562.56
3540.66	4632.56
3541.06	4517.56
3541.46	4688.56
3541.87	4616.56
3542.27	4708.56
3542.68	4618.56
3543.08	4658.56
3543.48	4678.56
3543.89	4710.56
3544.29	4691.56
3544.69	4655.56
3545.1	4640.56
3545.5	4437.56
3545.9	4579.56
3546.31	4646.56
3546.71	4627.56
3547.11	4675.56
3547.52	4648.56
3547.92	4621.56
3548.32	4746.56
3548.73	4758.56
3549.13	4691.56
3549.53	4689.56
3549.93	4653.56
3550.34	4622.56
3550.74	4644.56
3551.14	4678.56
3551.55	4579.56
3551.95	4801.56
3552.35	4705.56
3552.75	4695.56
3553.16	4795.56
3553.56	4748.56
3553.96	4650.56
3554.36	4630.56
3554.77	4641.56
3555.17	4617.56
3555.57	4705.56
3555.97	4666.56
3556.38	4658.56
3556.78	4657.56
3557.18	4758.56
3557.58	4662.56
3557.98	4673.56
3558.39	4641.56
3558.79	4708.56
3559.19	4571.56
3559.59	4522.56
3559.99	4518.56
3560.4	4654.56
3560.8	4776.56
3561.2	4742.56
3561.6	4763.56
3562.01	4738.56
3562.41	4783.56
3562.81	4718.56
3563.21	4697.56
3563.61	4633.56
3564.01	4617.56
3564.41	4698.56
3564.82	4627.56
3565.22	4696.56
3565.62	4668.56
3566.02	4810.56
3566.42	4803.56
3566.82	4721.56
3567.23	4849.56
3567.63	4635.56
3568.03	4736.56
3568.43	4767.56
3568.83	4722.56
3569.23	4674.56
3569.63	4582.56
3570.03	4742.56
3570.44	4753.56
3570.84	4733.56
3571.24	4827.56
3571.64	4874.56
3572.04	4820.56
3572.44	4590.56
3572.84	4524.56
3573.24	4910.56
3573.64	4718.56
3574.04	4674.56
3574.44	4730.56
3574.84	4691.56
3575.25	4808.56
3575.64	4858.56
3576.05	4807.56
3576.45	4742.56
3576.85	4820.56
3577.25	4725.56
3577.65	4717.56
3578.05	4628.56
3578.45	4689.56
3578.85	4745.56
3579.25	4625.56
3579.65	4702.56
3580.05	4703.56
3580.45	4726.56
3580.85	4837.56
3581.25	4820.56
3581.65	4782.56
3582.05	4887.56
3582.45	4699.56
3582.85	4702.56
3583.25	4708.56
3583.65	4772.56
3584.05	4751.56
3584.45	4767.56
3584.85	4735.56
3585.25	4773.56
3585.65	4752.56
3586.05	4789.56
3586.45	4767.56
3586.85	4715.56
3587.25	4623.56
3587.65	4612.56
3588.05	4625.56
3588.44	4490.56
3588.84	4513.56
3589.24	4424.56
3589.64	4500.56
3590.04	4313.56
3590.44	4269.56
3590.84	4505.56
3591.24	4445.56
3591.64	4636.56
3592.04	4610.56
3592.44	4596.56
3592.84	4739.56
3593.24	4459.56
3593.63	4619.56
3594.03	4361.56
3594.43	4699.56
3594.83	4497.56
3595.23	4734.56
3595.63	4581.56
3596.03	4737.56
3596.43	4497.56
3596.82	4599.56
3597.22	4600.56
3597.62	4541.56
3598.02	4429.56
3598.42	4357.56
3598.82	4511.56
3599.21	4484.56
3599.61	4421.56
3600.01	4600.56
3600.41	4472.56
3600.81	4540.56
3601.21	4470.56
3601.6	4385.56
3602	4294.56
3602.4	4315.56
3602.8	4463.56
3603.2	4404.56
3603.6	4373.56
3603.99	4410.56
3604.39	4345.56
3604.79	4443.56
3605.19	4266.56
3605.58	4413.56
3605.98	4242.56
3606.38	4315.56
3606.78	4389.56
3607.18	4246.56
3607.57	4308.56
3607.97	4336.56
3608.37	4301.56
3608.77	4372.56
3609.16	4329.56
3609.56	4482.56
3609.96	4318.56
3610.36	4321.56
3610.75	4286.56
3611.15	4290.56
3611.55	4204.56
3611.95	4299.56
3612.34	4303.56
3612.74	4372.56
3613.14	4305.56
3613.53	4324.56
3613.93	4308.56
3614.33	4250.56
3614.72	4411.56
3615.12	4278.56
3615.52	4280.56
3615.92	4300.56
3616.31	4150.56
3616.71	4207.56
3617.11	4159.56
3617.5	4123.56
3617.9	4351.56
3618.3	4325.56
3618.69	4209.56
3619.09	4271.56
3619.49	4216.56
3619.88	4226.56
3620.28	4264.56
3620.68	4215.56
3621.07	4113.56
3621.47	4203.56
3621.86	4187.56
3622.26	4205.56
3622.66	4116.56
3623.05	4257.56
3623.45	4205.56
3623.84	4252.56
3624.24	4217.56
3624.64	4197.56
3625.03	4107.56
3625.43	4114.56
3625.83	4000.56
3626.22	4163.56
3626.62	4152.56
3627.01	4122.56
3627.41	4191.56
3627.81	4325.56
3628.2	4133.56
3628.6	4172.95
3628.99	4220.69
3629.39	4138.47
3629.78	4148.03
3630.18	4145.83
3630.57	4063.35
3630.97	4168.44
3631.37	4154.07
3631.76	4112.2
3632.16	4122.23
3632.55	4188.56
3632.95	4126.78
3633.34	4172.15
3633.74	4151.47
3634.13	4079.81
3634.53	4088.85
3634.92	4173.3
3635.32	3965.18
3635.71	4098.01
3636.11	4128.66
3636.5	4081.8
3636.9	4173.45
3637.29	3969.38
3637.69	4073.65
3638.08	4028.98
3638.48	3921.18
3638.87	4129.13
3639.27	3910.44
3639.66	3915.42
3640.06	3996.21
3640.45	3958.59
3640.85	3931.53
3641.24	3976.75
3641.63	4056.88
3642.03	4040.06
3642.42	4027.16
3642.82	4081.23
3643.21	4100.73
3643.61	4021.35
3644	4039.46
3644.4	4017.34
3644.79	3965.73
3645.18	4001.27
3645.58	3964.95
3645.97	3999.13
3646.37	3990.78
3646.76	4055.93
3647.15	3971.72
3647.55	4054.19
3647.94	4106.12
3648.34	4076.56
3648.73	3910.45
3649.12	3990.42
3649.52	3940.07
3649.91	3940.92
3650.3	3987.72
3650.7	4036.16
3651.09	3987.81
3651.49	3960.73
3651.88	4115.37
3652.27	4050.91
3652.67	3975.66
3653.06	4053.32
3653.45	3924.95
3653.85	3895.15
3654.24	3883.31
3654.63	3836.13
3655.03	3887.75
3655.42	4008.49
3655.81	3922.49
3656.21	3916.42
3656.6	4029.59
3656.99	4006.21
3657.39	3986.05
3657.78	3953.67
3658.17	3949.02
3658.56	3822.38
3658.96	3925.16
3659.35	3889.72
3659.74	3858.06
3660.14	3903.73
3660.53	3916.73
3660.92	3900.79
3661.31	3855.18
3661.71	3981.35
3662.1	3889.58
3662.49	3878.33
3662.89	3869.41
3663.28	3822.63
3663.67	3825.48
3664.06	3899.35
3664.46	3740.44
3664.85	3873.46
3665.24	3827.92
3665.63	3898.89
3666.02	3908.34
3666.42	3850.57
3666.81	3812.74
3667.2	3604.38
3667.59	3669
3667.99	3802.88
3668.38	3748.23
3668.77	3697.71
3669.16	3649.12
3669.55	3781.61
3669.95	3750.02
3670.34	3781.7
3670.73	3778.32
3671.12	3832.86
3671.51	3805.74
3671.9	3817.69
3672.3	3741.44
3672.69	3752.94
3673.08	3782.51
3673.47	3760.36
3673.86	3668.21
3674.25	3765.74
3674.65	3804.93
3675.04	3742.69
3675.43	3818.45
3675.82	3866.37
3676.21	3814.91
3676.6	3787.1
3676.99	3776.28
3677.38	3754.46
3677.78	3738.04
3678.17	3656.56
3678.56	3695.46
3678.95	3692.26
3679.34	3651.95
3679.73	3689.02
3680.12	3779.16
3680.51	3729.03
3680.9	3763.22
3681.29	3702.01
3681.69	3732.31
3682.08	3633.33
3682.47	3635.39
3682.86	3629.75
3683.25	3701.99
3683.64	3643.59
3684.03	3633.8
3684.42	3680.55
3684.81	3707.44
3685.2	3823.2
3685.59	3722.23
3685.98	3749.71
3686.37	3657.79
3686.76	3617.14
3687.15	3560.85
3687.54	3461.95
3687.93	3499.02
3688.32	3505.87
3688.71	3611.93
3689.1	3553.59
3689.49	3570.7
3689.89	3631.62
3690.27	3580.85
3690.66	3612.39
3691.05	3578.09
3691.44	3642.3
3691.83	3681.76
3692.22	3615.99
3692.61	3686.73
3693	3626.36
3693.39	3614.89
3693.78	3695.54
3694.17	3682.77
3694.56	3677.85
3694.95	3614.41
3695.34	3679.08
3695.73	3675.66
3696.12	3662.11
3696.51	3553.94
3696.9	3499.17
3697.29	3489.13
3697.68	3600.25
3698.07	3577.63
3698.46	3592.15
3698.85	3564.8
3699.24	3662.03
3699.62	3651.91
3700.01	3679.43
3700.4	3584.51
3700.79	3601.78
3701.18	3574.79
3701.57	3522.67
3701.96	3614.13
3702.35	3505.41
3702.74	3563.45
3703.12	3602.3
3703.51	3588.1
3703.9	3579.76
3704.29	3630.05
3704.68	3585.23
3705.07	3648
3705.46	3687.39
3705.85	3632.74
3706.23	3532.03
3706.62	3544.14
3707.01	3559.74
3707.4	3568.11
3707.79	3569.1
3708.18	3563.28
3708.57	3580.59
3708.95	3658.88
3709.34	3591.15
3709.73	3587.91
3710.12	3644.39
3710.51	3616.62
3710.89	3554.08
3711.28	3574.84
3711.67	3541
3712.06	3512.68
3712.45	3572.19
3712.83	3619.11
3713.22	3544.03
3713.61	3647.85
3714	3565.1
3714.39	3601.01
3714.77	3575.6
3715.16	3475.67
3715.55	3577.22
3715.94	3566.98
3716.32	3510.71
3716.71	3504.69
3717.1	3416.87
3717.49	3562.25
3717.88	3511.88
3718.26	3570.17
3718.65	3548.74
3719.04	3602.17
3719.42	3630.8
3719.81	3567.69
3720.2	3554.3
3720.59	3502.55
3720.97	3490.36
3721.36	3466.13
3721.75	3515.54
3722.14	3499.39
3722.52	3598.82
3722.91	3621.82
3723.3	3533.63
3723.68	3591.76
3724.07	3581.11
3724.46	3602.91
3724.84	3520.61
3725.23	3455.38
3725.62	3535.2
3726	3522.47
3726.39	3500.45
3726.78	3545.02
3727.16	3592.62
3727.55	3551.74
3727.94	3567.15
3728.32	3553.08
3728.71	3570.96
3729.1	3496.01
3729.48	3493.7
3729.87	3499.59
3730.25	3489.35
3730.64	3501.25
3731.03	3517.81
3731.41	3472.59
3731.8	3545.65
3732.19	3527.33
3732.57	3565.52
3732.96	3604.05
3733.34	3547.76
3733.73	3594.2
3734.12	3633.49
3734.5	3538.71
3734.89	3497.2
3735.27	3553.72
3735.66	3517.15
3736.05	3433.25
3736.43	3583.53
3736.82	3551.07
3737.2	3529.7
3737.59	3581.38
3737.97	3520.42
3738.36	3539.63
3738.75	3513.99
3739.13	3458.03
3739.51	3500.46
3739.9	3460.52
3740.29	3517.68
3740.67	3488.47
3741.06	3468.99
3741.44	3594.7
3741.83	3566.63
3742.21	3533.09
3742.6	3551.6
3742.98	3551.63
3743.37	3642.27
3743.75	3467.32
3744.14	3531.59
3744.52	3498.19
3744.91	3485.46
3745.29	3515.56
3745.68	3515.87
3745.73	3470.87
3746.12	3511.87
3746.52	3502.87
3746.91	3475.87
3747.3	3584.87
3747.69	3565.87
3748.08	3506.87
3748.47	3498.87
3748.86	3395.87
3749.26	3431.87
3749.65	3437.87
3750.04	3512.87
3750.43	3503.87
3750.82	3505.87
3751.21	3519.87
3751.6	3535.87
3751.99	3555.87
3752.39	3458.87
3752.78	3446.87
3753.17	3413.87
3753.56	3418.87
3753.95	3387.87
3754.34	3480.79
3754.73	3324.87
3755.12	3434.87
3755.51	3420.87
3755.9	3412.87
3756.29	3473.87
3756.68	3390.87
3757.07	3487.87
3757.47	3489.87
3757.86	3407.87
3758.25	3449.87
3758.64	3450.87
3759.03	3548.87
3759.42	3456.87
3759.81	3497.87
3760.2	3503.87
3760.59	3585.87
3760.98	3646.87
3761.37	3533.87
3761.76	3589.87
3762.15	3395.87
3762.54	3397.87
3762.93	3573.87
3763.32	3470.87
3763.71	3365.87
3764.1	3473.87
3764.49	3315.87
3764.88	3326.87
3765.27	3438.87
3765.66	3389.87
3766.05	3566.87
3766.44	3484.87
3766.83	3414.87
3767.22	3460.87
3767.61	3370.87
3768	3410.87
3768.39	3397.87
3768.77	3447.89
3769.16	3387.87
3769.55	3441.87
3769.94	3500.87
3770.33	3476.87
3770.72	3516.87
3771.11	3456.87
3771.5	3488.87
3771.89	3478.87
3772.28	3439.87
3772.67	3367.87
3773.06	3397.87
3773.45	3431.87
3773.84	3398.87
3774.23	3431.87
3774.61	3388.87
3775	3388.87
3775.39	3419.87
3775.78	3414.87
3776.17	3496.87
3776.56	3424.87
3776.95	3491.87
3777.34	3569.87
3777.72	3435.87
3778.11	3315.87
3778.5	3369.87
3778.89	3448.87
3779.28	3517.87
3779.67	3430.37
3780.06	3337.87
3780.44	3597.87
3780.83	3435.87
3781.22	3506.87
3781.61	3358.87
3782	3461.87
3782.39	3358.87
3782.77	3386.87
3783.16	3426.73
3783.55	3411.87
3783.94	3389.87
3784.33	3466.87
3784.72	3476.87
3785.1	3476.87
3785.49	3472.87
3785.88	3411.87
3786.27	3462.87
3786.66	3433.87
3787.04	3428.87
3787.43	3501.87
3787.82	3435.87
3788.21	3407.87
3788.59	3399.87
3788.98	3446.87
3789.37	3423.87
3789.76	3360.87
3790.14	3339.87
3790.53	3460.87
3790.92	3532.87
3791.31	3332.87
3791.7	3332.87
3792.08	3372.87
3792.47	3419.68
3792.86	3418.9
3793.24	3418.65
3793.63	3418.11
3794.02	3417.33
3794.41	3417.21
3794.79	3414.9
3795.18	3413.99
3795.57	3412.68
3795.95	3371.87
3796.34	3446.87
3796.73	3425.87
3797.12	3401.87
3797.5	3429.87
3797.89	3398.87
3798.28	3438.87
3798.66	3501.87
3799.05	3430.87
3799.44	3528.87
3799.82	3458.87
3800.21	3431.87
3800.6	3450.87
3800.98	3355.87
3801.37	3381.87
3801.76	3413.87
3802.14	3376.87
3802.53	3450.87
3802.91	3453.87
3803.3	3470.87
3803.69	3401.87
3804.08	3478.87
3804.46	3535.87
3804.85	3366.87
3805.23	3385.87
3805.62	3497.87
3806.01	3385.87
3806.39	3452.87
3806.78	3440.87
3807.16	3388.87
3807.55	3437.87
3807.94	3478.87
3808.32	3378.87
3808.71	3512.87
3809.09	3437.87
3809.48	3499.87
3809.87	3399.87
3810.25	3462.87
3810.64	3436.87
3811.02	3395.92
3811.41	3394.63
3811.79	3333.87
3812.18	3451.87
3812.56	3438.87
3812.95	3453.87
3813.34	3370.87
3813.72	3430.87
3814.11	3420.87
3814.49	3401.87
3814.88	3320.87
3815.26	3427.87
3815.65	3357.87
3816.03	3353.87
3816.42	3319.87
3816.8	3410.87
3817.19	3361.87
3817.57	3367.87
3817.96	3431.87
3818.34	3445.87
3818.73	3440.87
3819.11	3394.87
3819.5	3430.87
3819.88	3383.87
3820.27	3415.87
3820.65	3417.87
3821.04	3385.87
3821.42	3399.87
3821.81	3347.87
3822.19	3456.87
3822.58	3445.87
3822.96	3376.87
3823.35	3339.87
3823.73	3350.87
3824.12	3433.87
3824.5	3459.87
3824.89	3309.87
3825.27	3345.87
3825.65	3380.87
3826.04	3364.87
3826.42	3366.87
3826.81	3389.87
3827.19	3420.87
3827.57	3353.87
3827.96	3407.87
3828.34	3391.87
3828.73	3296.87
3829.11	3309.87
3829.49	3385.87
3829.88	3345.87
3830.26	3445.87
3830.65	3382.87
3831.03	3366.87
3831.41	3282.87
3831.8	3369.87
3832.18	3241.87
3832.57	3418.87
3832.95	3457.87
3833.33	3425.87
3833.72	3395.87
3834.1	3374.87
3834.48	3359.87
3834.87	3426.87
3835.25	3382.87
3835.63	3326.87
3836.02	3366.87
3836.4	3387.87
3836.78	3358.87
3837.17	3282.87
3837.55	3350.87
3837.93	3407.87
3838.32	3357.87
3838.7	3322.87
3839.08	3299.87
3839.47	3280.87
3839.85	3297.87
3840.23	3360.87
3840.62	3408.87
3841	3429.87
3841.38	3456.87
3841.77	3299.87
3842.15	3360.87
3842.53	3346.87
3842.91	3326.87
3843.3	3363.87
3843.68	3416.87
3844.06	3275.87
3844.44	3381.87
3844.83	3353.87
3845.21	3347.87
3845.59	3371.87
3845.97	3380.87
3846.36	3446.87
3846.74	3368.87
3847.12	3372.87
3847.5	3399.87
3847.89	3361.87
3848.27	3286.87
3848.65	3339.87
3849.03	3310.87
3849.42	3391.87
3849.8	3290.87
3850.18	3393.87
3850.56	3286.87
3850.95	3363.87
3851.33	3388.87
3851.71	3402.87
3852.09	3465.87
3852.47	3369.87
3852.85	3336.87
3853.24	3342.87
3853.62	3266.87
3854	3344.93
3854.38	3300.87
3854.76	3416.87
3855.15	3396.87
3855.53	3305.87
3855.91	3400.87
3856.29	3419.87
3856.67	3363.87
3857.05	3241.87
3857.43	3413.87
3857.82	3297.87
3858.2	3352.87
3858.58	3250.87
3858.96	3326.87
3859.34	3347.87
3859.72	3365.87
3860.1	3324.87
3860.49	3398.87
3860.87	3375.87
3861.25	3438.87
3861.63	3238.87
3862.01	3327.87
3862.39	3390.87
3862.77	3398.87
3863.15	3356.87
3863.53	3385.87
3863.91	3338.87
3864.3	3330.87
3864.68	3427.87
3865.06	3323.87
3865.44	3413.87
3865.82	3388.87
3866.2	3420.87
3866.58	3362.87
3866.96	3300.87
3867.34	3380.87
3867.72	3251.87
3868.1	3294.87
3868.48	3336.87
3868.86	3344.87
3869.24	3343.87
3869.62	3299.87
3870	3299.87
3870.38	3228.87
3870.76	3255.87
3871.14	3217.87
3871.52	3322.97
3871.91	3322.63
3872.29	3322.4
3872.67	3321.96
3873.05	3322.06
3873.43	3295.87
3873.8	3465.87
3874.18	3340.87
3874.56	3426.87
3874.94	3340.87
3875.32	3312.87
3875.7	3284.87
3876.08	3344.87
3876.46	3300.87
3876.84	3293.87
3877.22	3372.87
3877.6	3226.87
3877.98	3286.87
3878.36	3364.87
3878.74	3321.87
3879.12	3398.87
3879.5	3405.87
3879.88	3341.87
3880.26	3327.87
3880.64	3359.87
3881.02	3376.87
3881.4	3276.87
3881.78	3278.87
3882.16	3315.04
3882.53	3319.87
3882.91	3356.87
3883.29	3314.87
3883.67	3313.87
3884.05	3389.87
3884.43	3361.87
3884.81	3302.87
3885.19	3334.87
3885.57	3265.87
3885.95	3225.87
3886.33	3209.87
3886.7	3273.87
3887.08	3320.87
3887.46	3341.87
3887.84	3349.87
3888.22	3342.87
3888.6	3346.87
3888.98	3340.87
3889.35	3322.87
3889.73	3387.87
3890.11	3268.87
3890.49	3352.87
3890.87	3209.87
3891.25	3176.87
3891.63	3300.87
3892	3319.16
3892.38	3304.87
3892.76	3252.87
3893.14	3363.87
3893.52	3299.87
3893.89	3283.87
3894.27	3350.87
3894.65	3388.87
3895.03	3268.87
3895.41	3232.87
3895.79	3277.87
3896.16	3264.87
3896.54	3275.87
3896.92	3268.87
3897.3	3239.87
3897.67	3355.87
3898.05	3189.87
3898.43	3285.87
3898.81	3292.87
3899.18	3196.87
3899.56	3257.87
3899.94	3231.87
