20.2024	14972.4
20.8787	16268.4
21.5551	16412.4
22.2313	17541.4
22.9076	18046.4
23.586	18710.4
24.2622	19074.4
24.9383	19915.4
25.6143	20277.4
26.2903	20440.4
26.9662	20330.4
27.6421	20395.4
28.318	20183.4
28.9938	19909.4
29.6696	19718.4
30.3453	20020.4
31.0209	20014.4
31.6965	20115.4
32.3721	20386.4
33.0476	20934.4
33.7231	21253.4
34.3985	21527.4
35.0739	22261.4
35.7493	22098.4
36.4245	22521.4
37.0975	22594.4
37.7727	22117.4
38.4478	22219.4
39.1229	22503.4
39.798	22357.4
40.473	22292.4
41.1479	23076.4
41.8228	22999.4
42.4954	23162.4
43.1702	23578.4
43.845	23798.4
44.5197	23800.4
45.1944	23840.4
45.8667	23638.4
46.5413	23733.4
47.2159	24065.4
47.8903	24252.4
48.5648	24258.4
49.2369	24234.4
49.9112	24302.4
50.5855	24197.4
51.2598	24082.4
51.9317	23743.4
52.6059	23470.4
53.28	23367.4
53.9518	23372.4
54.6258	23394.4
55.2998	23260.4
55.9714	23321.4
56.6453	23932.4
57.3191	24032.4
57.9906	23373.3
58.6643	23374.5
59.338	23373
60.0094	23360.7
60.683	23356
61.3542	23479.9
62.0277	23431.4
62.7012	23616.4
63.3723	23458.4
64.0457	23602.4
64.7167	23360.4
65.39	23109.4
66.0609	23337.4
66.7341	23688.4
67.4049	23484.4
68.078	23269.4
68.7488	23181.4
69.4218	22994.4
70.0924	22997.4
70.7653	23742.4
71.4359	23049.4
72.1087	23072.4
72.7792	23394.4
73.4519	23460.4
74.1223	23045.7
74.7949	23030.4
75.4652	22893.4
76.1354	23656.4
76.8079	22968.4
77.478	22654.4
78.1504	21840.4
78.8204	21816.4
79.4905	21797.4
80.1627	22128.4
80.8326	22406.4
81.5025	22600.4
82.1746	23061.4
82.8444	23004.4
83.5141	22890.4
84.1861	22287.4
84.8557	22019.4
85.5253	21522.4
86.1971	21398.4
86.8666	21449.4
87.536	21641.4
88.2054	21700.4
88.8771	21549.4
89.5464	22022.4
90.2157	22299.4
90.8849	22743.4
91.554	22608.4
92.2254	22178.4
92.8945	22095.4
93.5636	22028.4
94.2325	21694.4
94.9015	21690.4
95.5704	21605.4
96.2415	21283.4
96.9103	21318.4
97.5791	20964.4
98.2478	21249.4
98.9164	21103.4
99.585	20856.4
100.254	21137.4
100.922	20989.4
101.591	20680.4
102.261	20514.4
102.93	20567.4
103.598	20570.4
104.266	21139.4
104.935	21307.4
105.603	21462.4
106.271	21774.4
106.939	21550.4
107.607	21199.4
108.275	20594.4
108.943	20294.4
109.611	20428.4
110.279	20194.4
110.947	19902.4
111.614	20030.4
112.28	20058.4
112.948	20299.4
113.615	20550.4
114.283	20749.4
114.95	20716.4
115.618	20634.4
116.285	20131.4
116.953	20203.4
117.62	20005.4
118.285	19600.4
118.952	19323.4
119.62	19034.4
120.287	19242.4
120.954	19250.4
121.621	19540.4
122.286	19836.4
122.953	19682.4
123.62	19625.4
124.287	19364.4
124.954	19269.4
125.618	18798.4
126.285	18938.4
126.952	19244.4
127.618	19392.4
128.283	19455.4
128.949	19433.4
129.616	19460.4
130.28	19275.4
130.946	18897.4
131.613	18843.4
132.277	18742.4
132.943	18814.4
133.61	18832.4
134.273	18542.4
134.94	18622.4
135.606	18550.4
136.27	18559.4
136.936	18826.4
137.599	19000.4
138.265	18900.4
138.931	18764.4
139.595	18772.4
140.261	18758.4
140.924	18122.4
141.59	18337.4
142.253	18089.4
142.919	18184.4
143.582	18520.4
144.248	18211.4
144.911	17910.4
145.576	17947.4
146.239	17980.4
146.905	18380.4
147.568	18044.4
148.233	17969.4
148.896	17917.4
149.561	18103.4
150.224	17974.4
150.889	17875.4
151.552	17774.4
152.214	18252.4
152.879	17860.4
153.542	17682.4
154.207	17836.4
154.869	17628.4
155.532	17644.4
156.197	17678.4
156.859	17564.4
157.521	17466.4
158.186	17356.4
158.848	17468.4
159.51	17315.4
160.175	17284.4
160.837	17328.4
161.499	17311.4
162.161	17448.4
162.825	17497.4
163.487	17095.4
164.149	17206.4
164.811	17174.4
165.475	16887.4
166.137	17140.4
166.798	16803.4
167.46	16881.4
168.122	16910.4
168.786	16893.4
169.447	17131.4
170.109	16993.4
170.77	17263.4
171.431	17371.4
172.093	16968.4
172.754	16978.4
173.418	17036.4
174.079	16907.4
174.74	17096.4
175.401	16814.4
176.062	17052.4
176.723	16852.4
177.384	16770.4
178.045	16568.4
178.706	16780.4
179.367	16833.4
180.028	16792.4
180.688	16416.4
181.349	16569.4
182.01	16747.4
182.67	16730.4
183.331	16565.4
183.991	16588.4
184.652	16425.4
185.312	16661.4
185.973	16673.4
186.633	16676.4
187.293	16578.4
187.954	16408.4
188.614	16276.4
189.274	16308.4
189.934	16563.4
190.594	16671.4
191.252	16541.4
191.912	16455.4
192.572	16549.4
193.232	16454.4
193.892	16516.4
194.551	16574.4
195.209	16624.4
195.869	16457.4
196.528	16474.4
197.188	16560.4
197.848	16766.4
198.505	16535.4
199.164	16634.4
199.824	16522.4
200.483	16630.4
201.14	16739.4
201.8	16558.4
202.459	16525.4
203.118	16507.4
203.775	16328.4
204.434	16549.4
205.093	16728.4
205.75	16485.4
206.409	16291.4
207.068	16316.4
207.725	16292.4
208.383	16610.4
209.042	16553.4
209.699	16430.4
210.357	16420.4
211.016	16579.4
211.672	16598.4
212.331	16399.4
212.987	16511.4
213.646	16796.4
214.302	16496.4
214.96	16198.4
215.619	16167.4
216.275	16394.4
216.933	16580.4
217.589	16504.4
218.247	16775.4
218.903	16620.4
219.561	16596.4
220.217	16542.1
220.875	16550.4
221.531	16471.4
222.186	16776.4
222.844	16533.4
223.5	16309.4
224.158	16451.4
224.813	16404.4
225.471	16197.4
226.126	16208.4
226.781	16452.4
227.439	16324.4
228.094	16592.5
228.749	16596.6
229.407	16221.4
230.062	16513.4
230.719	16612.7
231.374	16295.4
232.029	16497.4
232.684	16367.4
233.341	16362.4
233.996	16295.4
234.651	16213.4
235.308	16424.4
235.963	16556.4
236.617	16870.4
237.272	16581.4
237.929	16722.4
238.583	16598.4
239.238	16949.4
239.892	16724.4
240.547	16817.4
241.203	17000.4
241.858	16974.4
242.512	16710.4
243.166	16364.4
243.82	16589.4
244.475	16542.4
245.131	16713.4
245.785	16781.4
246.439	16927.4
247.093	16725.4
247.747	16894.4
248.401	16632.4
249.054	16546.4
249.708	17019.4
250.362	16802.4
251.016	16922.4
251.669	16892.4
252.323	16913.4
252.977	16820.4
253.632	16822.4
254.286	16716.4
254.939	16816.4
255.593	16984.4
256.244	16952.4
256.897	16726.4
257.55	16730.4
258.203	16790.4
258.857	16915.4
259.51	16854.4
260.163	17133.4
260.816	17113.4
261.469	17323.4
262.122	16981.4
262.775	16856.4
263.427	17136.4
264.08	17118.4
264.731	17132.4
265.383	17099.4
266.036	16962.4
266.689	17187.4
267.341	16880.4
267.994	17072.4
268.644	17237.4
269.296	17282.4
269.949	16917.4
270.601	17248.4
271.254	17232.4
271.904	17152.4
272.556	16940.4
273.208	17068.4
273.86	17182.4
274.51	17238.4
275.162	17463.4
275.814	17260.4
276.464	17265.4
277.116	17422.4
277.767	17313.4
278.417	17446.4
279.069	17318.4
279.721	17644.4
280.37	17368.4
281.022	17100.4
281.673	17408.4
282.323	17381.4
282.974	17422.4
283.623	17329.4
284.275	17462.4
284.926	17530.4
285.575	17508.4
286.227	17604.4
286.876	17499.4
287.527	17446.4
288.176	17574.4
288.827	17573.4
289.476	17602.4
290.127	17604.4
290.775	17480.4
291.426	17401.4
292.075	17218.4
292.726	17324.4
293.374	17316.4
294.025	17277.4
294.674	17336
295.324	17315.5
295.973	17294.8
296.621	17306
297.272	17353.3
297.92	17648.8
298.57	17668.5
299.219	17678.3
299.867	17453.6
300.517	17206.4
301.165	17306.4
301.813	17841.4
302.463	17990.4
303.111	17798.4
303.759	17759.4
304.409	17576.4
305.057	17711.4
305.705	17671.4
306.352	17869.4
307.002	17845.4
307.65	18010.4
308.297	17558.4
308.945	18082.4
309.594	17629.4
310.242	18028.4
310.889	17875.4
311.537	17962.4
312.186	17937.4
312.833	17929.4
313.481	17750.4
314.128	17818.4
314.775	17548.4
315.422	17931.4
316.069	18113.4
316.718	18066.4
317.365	18140.4
318.012	18238.4
318.659	18156.4
319.306	18294.4
319.953	18050.4
320.599	18098.4
321.246	18648.4
321.893	18562.4
322.539	18121.4
323.186	18083.4
323.832	18293.4
324.479	18481.4
325.125	18718.4
325.771	18604.4
326.418	18550.4
327.064	18366.4
327.71	18301.4
328.357	18312.4
329.003	18800.4
329.649	18198.4
330.295	18833.4
330.941	18722.4
331.587	18621.4
332.233	18583.4
332.879	18418.4
333.525	18610.4
334.168	18860.4
334.814	18838.4
335.46	18604.4
336.105	18806.4
336.751	18810.4
337.397	18636.4
338.042	18969.4
338.685	18797.4
339.331	19110.4
339.976	18826.4
340.622	18902.4
341.265	18934.4
341.91	18771.4
342.555	19039.4
343.2	18918.4
343.843	19285.4
344.488	19213.4
345.134	19272.4
345.779	19144.4
346.421	18989.4
347.066	18934.4
347.711	19170.4
348.354	19055.4
348.999	19364.4
349.643	19326.4
350.286	19277.4
350.931	19223.4
351.575	19437.4
352.218	19568.4
352.862	19256.4
353.504	19700.4
354.149	19312.4
354.793	19814.4
355.435	19539.4
356.08	19396.4
356.722	19256.4
357.366	19389.4
358.008	19632.4
358.652	19576.4
359.294	19551.4
359.938	19629.4
360.58	19284.4
361.224	19476.4
361.866	19728.4
362.509	19974.4
363.151	19241.4
363.795	20066.4
364.436	19932.4
365.08	19823.4
365.722	19684.4
366.363	19836.4
367.007	20016.4
367.648	19925.4
368.291	20146.4
368.933	19704.4
369.574	19511.4
370.217	20020.4
370.858	19960.4
371.499	19759.4
372.143	20054.4
372.784	19965.4
373.425	19939.4
374.068	20276.4
374.709	20077.4
375.349	20223.4
375.99	20042.4
376.633	20376.4
377.274	20477.4
377.914	20687.4
378.555	20335.4
379.198	20274.4
379.838	20322.4
380.479	20465.4
381.119	20426.4
381.76	20521.4
382.402	20639.4
383.042	20445.4
383.683	20566.4
384.323	20550.4
384.963	20528.4
385.603	20868.4
386.243	21083.4
386.883	20830.4
387.525	20514.4
388.165	20820.4
388.805	20637.4
389.445	20620.4
390.085	20748.4
390.725	20670.4
391.364	20978.4
392.004	20733.4
392.644	21004.4
393.283	20905.4
393.923	20777.4
394.562	20730.4
395.202	20933.4
395.841	20997.4
396.481	21246.4
397.12	21001.4
397.759	20951.4
398.399	20732.4
399.038	20847.4
399.677	21151.4
400.316	21198.4
400.953	21411.4
401.592	21172.4
402.231	21069.4
402.87	21033.4
403.509	21100.4
404.148	21500.4
404.787	21333.4
405.426	21284.4
406.062	21282.4
406.701	21342.4
407.339	21232.4
407.978	21181.4
408.617	21299.4
409.253	21588.4
409.891	21605.4
410.53	21508.4
411.168	21675.4
411.804	21634.4
412.443	21620.4
413.081	21740.4
413.719	21671.4
414.355	21616.4
414.993	21800.4
415.631	21604.4
416.267	21653.4
416.905	21723.4
417.543	22047.4
418.179	21869.4
418.817	21717.4
419.453	21834.4
420.09	21714.4
420.728	22266.4
421.364	22028.4
422.001	21716.4
422.637	21789.4
423.274	22162.4
423.912	21689.4
424.547	22156.4
425.185	22007.4
425.82	22204.4
426.457	21980.4
427.092	21734.4
427.73	22242.4
428.365	22314.4
429.002	22441.4
429.637	22618.4
430.274	22297.4
430.909	22157.4
431.546	22336.4
432.181	22422.4
432.815	22671.4
433.452	22676.4
434.087	22706.4
434.724	22468.4
435.358	22900.4
435.993	22137.4
436.63	22906.4
437.264	22948.4
437.901	22874.4
438.535	22897.4
439.169	22946.4
439.806	22959.4
440.44	22523.4
441.074	22901.4
441.708	23070.4
442.345	23274.4
442.979	23214.4
443.613	23299.4
444.247	23093.4
444.883	23127.4
445.517	23020.4
446.151	23214.4
446.785	23418.4
447.421	23191.4
448.054	23642.4
448.688	23666.4
449.322	23172.4
449.955	23279.4
450.591	23339.4
451.224	23192.4
451.858	23246.4
452.491	23500.4
453.125	23380.4
453.758	23472.4
454.391	23791.4
455.025	23422.4
455.658	23580.4
456.293	23856.4
456.926	23735.4
457.56	23748.4
458.193	23352.4
458.826	23506.4
459.459	23704.4
460.091	23568.4
460.724	23283.8
461.357	24036.4
461.99	23736.4
462.623	23589.4
463.255	23430.4
463.888	23658.4
464.521	23665.4
465.153	23543.4
465.784	23966.4
466.416	23750.4
467.049	23629.4
467.681	24038.4
468.313	23910.4
468.946	23462.4
469.578	23581.4
470.21	23975.4
470.843	23840.4
471.473	23606.4
472.105	23514.4
472.737	23418.4
473.369	23554.4
474.001	23855.4
474.631	23631.4
475.262	23879.4
475.894	24146.4
476.526	23672
477.158	23650.4
477.787	23550.4
478.419	23893.4
479.051	23406.4
479.682	23724.4
480.312	23604.4
480.943	23888.4
481.575	23427.4
482.204	23662.4
482.836	23671.4
483.467	23356.4
484.096	23400.4
484.727	23215.4
485.359	23659.4
485.988	23414.4
486.619	23307.4
487.248	23714.4
487.879	23458.4
488.51	23306.1
489.139	23083.8
489.77	22878.9
490.398	23162.9
491.029	23068.7
491.658	23078.4
492.288	22662.2
492.917	22832.9
493.548	22592.9
494.176	22422.5
494.807	22366.5
495.435	22366.4
496.066	22193
496.694	22011.1
497.324	21968
497.953	21787.2
498.583	21831.2
499.211	21890.2
499.839	21426.2
500.469	21394
501.098	21041.3
501.728	20885.4
502.356	20882.2
502.983	20722.1
503.613	20713.4
504.241	20370.3
504.869	20237.8
505.499	20000.4
506.127	19734.2
506.754	19505.2
507.384	19405.4
508.012	19718.1
508.639	19430.7
509.267	19227
509.896	18980.3
510.523	18689.3
511.151	19144
511.778	18192.4
512.408	18425.1
513.035	18412.6
513.662	18221.9
514.289	17824.3
514.916	17982.3
515.545	17790.6
516.172	17154.5
516.799	17288.9
517.426	17400.4
518.053	17202.2
518.68	16806.8
519.307	16820.1
519.934	16691
520.562	16333.3
521.189	16526.5
521.816	16611.3
522.442	16297.2
523.069	16194.4
523.695	15970.1
524.322	15637.3
524.948	15627.2
525.575	15369.2
526.201	15890.6
526.827	15685.4
527.454	15475.4
528.08	15225.4
528.706	15130.7
529.332	15040.9
529.958	15121.5
530.584	14697.7
531.21	14884.8
531.834	14755.1
532.46	14631.2
533.086	14716.5
533.712	14454.4
534.338	14199.8
534.963	14155.1
535.589	14311.8
536.215	14182
536.838	13975.5
537.464	14326.4
538.089	13881.1
538.715	13724.6
539.34	13735.2
539.964	13686
540.589	13754.4
541.214	13596.2
541.84	13735.4
542.465	13426.2
543.088	13425.2
543.713	13569.1
544.338	13372.1
544.961	13428.1
545.586	13259
546.211	13366.8
546.836	13379.5
547.459	13106.1
548.084	13059
548.706	12770
549.331	12993.3
549.956	13007.2
550.579	12945.1
551.203	13068.7
551.828	12768.2
552.45	12823.3
553.075	12565.1
553.697	12735.6
554.322	12709.2
554.944	12637.7
555.568	12722.1
556.193	12611.6
556.815	12554.8
557.439	12568.8
558.061	12505.4
558.685	12382.4
559.307	12543.1
559.931	12580.4
560.553	12460.9
561.175	12554.9
561.799	12433.6
562.421	12329.8
563.045	12435.4
563.667	12487.7
564.29	12501.6
564.912	12295.8
565.534	12480.6
566.157	12310.2
566.779	12145
567.4	12158.2
568.024	12179.7
568.645	12150.3
569.269	12193.7
569.89	12079.4
570.511	12007.4
571.132	12080.2
571.756	11832.2
572.377	12051.4
572.998	12052.5
573.621	12027.2
574.242	11995.4
574.863	11930.5
575.484	11965.8
576.105	11894.9
576.728	11576.1
577.349	11833.5
577.969	11662.1
578.59	11681.3
579.211	11662.8
579.833	11606.1
580.454	11624.9
581.075	11607.1
581.695	11437.4
582.315	11281.1
582.936	11490.4
583.556	11509
584.177	11408.2
584.799	11409
585.419	11489.9
586.04	11310.4
586.66	11300.3
587.28	11560.7
587.9	11445.2
588.52	11440.5
589.14	11524.5
589.76	11361.4
590.38	11448.8
591	11317.9
591.62	11322.6
592.239	11418.8
592.859	11311.5
593.479	11319.6
594.099	11490.7
594.718	11173.4
595.336	11251.2
595.955	11117.9
596.575	11015.9
597.194	11146.4
597.814	11241.9
598.433	10953.3
599.052	11147.5
599.672	10958.4
600.289	11017.5
600.908	10987.6
601.527	10842.6
602.146	10857.9
602.766	10881.6
603.383	10801.2
604.002	10783.7
604.621	10673.6
605.24	10742.3
605.856	10706.1
606.475	10572.9
607.094	10503.1
607.713	10518.5
608.329	10463.3
608.948	10475.4
609.567	10222.7
610.183	10336.5
610.802	10325.3
611.42	10122.3
612.037	10186.6
612.655	10322.7
613.273	10159.4
613.89	10041.4
614.508	10163.2
615.124	10070.7
615.742	10007.2
616.361	9903.2
616.977	10056.7
617.595	9931.33
618.211	9839.27
618.829	9957.19
619.445	9836.5
620.063	9578.9
620.678	9822.71
621.296	9739.33
621.912	9678.51
622.53	9661.97
623.145	9680.28
623.763	9582.67
624.379	9535.58
624.996	9375.18
625.612	9308.55
626.229	9295.1
626.845	9432.11
627.46	9325.21
628.078	9352.83
628.693	8996.13
629.308	9129.25
629.925	9251.1
630.54	9330.91
631.158	9231.88
631.773	9133.9
632.388	9182.74
633.003	9097.91
633.62	9129.37
634.235	9116.03
634.85	9224.06
635.467	9329.66
636.081	9244.19
636.696	9209.19
637.311	9213.51
637.928	8974.48
638.542	8991.94
639.157	9083.92
639.771	8946.57
640.386	8988.49
641.002	8991.99
641.617	9053.95
642.231	9018.29
642.845	8831.21
643.46	8839.93
644.074	8912.23
644.688	9000.04
645.305	8964.39
645.919	8921.02
646.533	8615.82
647.147	8741.97
647.761	8623.14
648.375	8753.98
648.989	8667.08
649.603	8782.29
650.216	8736.76
650.83	8773.29
651.444	8725.44
652.058	8805.52
652.671	8605.61
653.285	8626.49
653.899	8919.2
654.512	8802.77
655.126	8845.51
655.739	8738.63
656.353	8684.59
656.966	8541.35
657.579	8585.34
658.193	8597.36
658.804	8658.05
659.417	8673.48
660.03	8654.99
660.643	8749.51
661.257	8579.79
661.87	8416.33
662.483	8402.75
663.094	8658.21
663.706	8474.18
664.319	8544.97
664.932	8481.04
665.545	8403.21
666.156	8478.47
666.769	8437.26
667.381	8652.77
667.994	8554.68
668.604	8498.87
669.217	8533.22
669.83	8466.13
670.44	8346.23
671.052	8509.17
671.665	8356.86
672.277	8453.31
672.888	8364.37
673.5	8619.53
674.11	8471.65
674.722	8424.07
675.311	8528.07
675.932	8249.07
676.55	8147.07
677.171	8309.07
677.789	8400.07
678.408	8367.07
679.028	8137.07
679.647	8301.07
680.267	8400.07
680.885	8400.07
681.506	8222.07
682.124	8256.07
682.742	8350.07
683.362	8303.07
683.98	8305.07
684.599	8157.07
685.219	8006.07
685.837	8044.07
686.455	8205.07
687.075	8118.07
687.692	8288.52
688.31	8282.42
688.93	8276.53
689.548	8069.07
690.165	8065.07
690.783	8023.07
691.403	8150.07
692.02	8171.07
692.638	8223.07
693.255	8152.07
693.873	8279.07
694.492	8435.07
695.11	8277.07
695.727	8364.07
696.344	8317.07
696.961	8101.07
697.579	8335.07
698.198	8368.07
698.815	8259.07
699.432	8184.14
700.049	8137.07
700.666	8199.07
701.283	8269.07
701.9	8001.07
702.517	8138.07
703.134	8089.07
703.752	8152.07
704.369	8026.07
704.986	8235.07
705.603	8077.07
706.219	8230.07
706.836	8187.07
707.452	8123.07
708.069	8073.07
708.685	8130.2
709.302	8125.61
709.918	8277.07
710.534	8073.07
711.151	8018.07
711.765	8120.54
712.381	8054.07
712.997	8104.73
713.613	8019.07
714.229	8005.07
714.845	8085.07
715.461	8224.07
716.077	8102.38
716.693	8002.07
717.307	8316.07
717.923	8086.07
718.539	8043.07
719.154	8053.07
719.77	8193.07
720.386	8216.07
720.999	8152.07
721.615	8163.07
722.23	8256.07
722.846	7991.07
723.461	8123.07
724.075	8027.07
724.69	8098.07
725.305	8127.07
725.919	8103.07
726.534	8060.07
727.149	7906.07
727.764	8037.07
728.377	8094.07
728.992	8023.07
729.608	8133.07
730.22	8051.07
730.835	7944.07
731.45	8044.07
732.063	8066.75
732.678	7986.07
733.291	8067.07
733.906	8101.07
734.52	8147.07
735.133	8024.07
735.748	7914.07
736.36	7980.07
736.975	8101.07
737.589	7858.07
738.202	7940.07
738.816	8134.07
739.428	8010.07
740.043	8102.2
740.655	7929.07
741.269	8061.07
741.881	8004.07
742.496	8032.07
743.108	8051.07
743.72	8031.07
744.334	8250.07
744.946	8163.07
745.56	8113.07
746.172	8057.07
746.786	7866.07
747.397	7871.07
748.009	8171.79
748.623	7862.07
749.234	8165.61
749.848	8173.09
750.46	8194.85
751.071	8201.38
751.685	8203.16
752.296	8210.89
752.908	8214.65
753.519	7987.07
754.133	7911.07
754.744	8201.07
755.355	8066.07
755.969	8095.07
756.58	8361.07
757.191	7993.07
757.802	8266.07
758.415	8266.07
759.026	8306.07
759.637	8185.07
760.248	8231.07
760.859	8213.07
761.472	8190.07
762.083	8418.07
762.693	8396.07
763.304	8434.07
763.915	8402.07
764.526	8338.07
765.138	8392.07
765.749	8374.07
766.359	8283.07
766.97	8577.07
767.58	8470.07
768.191	8362.07
768.801	8418.07
769.411	8364.07
770.022	8223.07
770.632	8362.07
771.242	8412.07
771.852	8512.07
772.463	8460.07
773.073	8716.07
773.683	8520.07
774.293	8377.07
774.903	8347.07
775.513	8623.07
776.122	8579.07
776.732	8697.07
777.342	8405.71
777.952	8249.07
778.562	8416.07
779.171	8428.07
779.781	8676.07
780.391	8751.07
781	8633.07
781.608	8717.07
782.217	8836.07
782.827	8711.07
783.436	8570.07
784.045	8494.07
784.655	8640.07
785.262	8694.07
785.871	8768.07
786.48	8649.07
787.089	8522.07
787.699	8673.07
788.306	8675.07
788.915	8599.07
789.524	8614.07
790.133	8679.07
790.739	8679.07
791.348	8755.07
791.957	8722.07
792.564	8570.07
793.173	8614.07
793.781	8656.07
794.39	8548.07
794.997	8806.07
795.605	8694.07
796.212	8560.07
796.82	8558.07
797.429	8658.07
798.035	8609.07
798.644	8396.07
799.252	8589.07
799.858	8675.07
800.466	8865.07
801.073	8775.07
801.681	8403.07
802.287	8523.07
802.895	8533.07
803.501	8542.07
804.109	8585.07
804.717	8646.07
805.323	8615.07
805.931	8369.07
806.537	8325.07
807.142	8332.07
807.75	8372.07
808.356	8441.07
808.964	8547.07
809.569	8445.07
810.177	8562.07
810.782	8493.07
811.39	8416.07
811.995	8384.07
812.601	8182.07
813.208	8381.07
813.814	8437.07
814.419	8365.07
815.026	8313.07
815.631	8325.07
816.237	8245.07
816.844	8032.07
817.449	8251.07
818.054	8561.07
818.661	8181.07
819.266	8122.07
819.871	8207.07
820.476	8008.07
821.083	8046.07
821.688	8116.07
822.292	7989.07
822.897	8046.07
823.504	7976.07
824.109	7993.07
824.713	7888.07
825.318	7803.07
825.922	8045.07
826.529	7785.07
827.133	7909.07
827.738	7693.07
828.342	7544.07
828.946	7757.07
829.551	7709.07
830.155	7779.07
830.761	7722.07
831.365	7670.07
831.97	7657.07
832.574	7977.07
833.178	7622.07
833.782	7742.07
834.386	7557.07
834.99	7588.07
835.594	7616.07
836.197	7689.07
836.801	7452.07
837.405	7507.07
838.009	7521.07
838.612	7432.07
839.216	7629.07
839.82	7431.07
840.423	7486.07
841.027	7690.07
841.63	7553.07
842.234	7501.07
842.837	7723.07
843.439	7557.07
844.042	7392.07
844.645	7518.07
845.249	7587.07
845.852	7560.07
846.455	7499.07
847.058	7609.07
847.661	7384.07
848.262	7517.07
848.865	7615.07
849.468	7390.07
850.071	7590.57
850.674	7521.07
851.275	7731.07
851.878	7775.07
852.481	7650.07
853.083	7617.07
853.684	7596.07
854.287	7631.07
854.889	7486.07
855.492	7719.07
856.092	7805.07
856.695	7626.07
857.297	7696.07
857.898	7648.07
858.5	7746.07
859.103	7673.07
859.703	7596.07
860.305	7732.07
860.905	7890.07
861.507	7905.07
862.11	7683.07
862.71	7687.07
863.312	7650.07
863.912	7718.07
864.514	7700.07
865.116	7823.07
865.716	7828.07
866.317	8026.07
866.917	7877.07
867.519	7700.07
868.119	7995.07
868.72	7602.07
869.32	7877.07
869.922	7879.07
870.521	7953.07
871.123	7866.07
871.722	7827.07
872.322	7762.07
872.923	7729.07
873.523	7826.07
874.124	7948.07
874.723	7888.07
875.325	8055.07
875.924	8057.07
876.523	8056.07
877.124	7908.07
877.723	8096.07
878.322	8172.07
878.923	8063.07
879.522	8266.07
880.121	8187.07
880.722	8244.07
881.321	8301.07
881.92	8162.07
882.518	8180.07
883.119	8274.07
883.718	8429.07
884.317	8189.07
884.915	8255.07
885.516	8266.07
886.114	8250.07
886.713	8307.07
887.311	8175.07
887.912	8289.07
888.51	8350.07
889.109	8329.07
889.707	8360.07
890.305	8487.07
890.903	8469.07
891.501	8436.07
892.102	8416.07
892.7	8448.07
893.298	8534.07
893.896	8345.07
894.494	8602.07
895.092	8505.07
895.69	8337.07
896.288	8538.07
896.885	8289.07
897.483	8451.07
898.081	8390.07
898.679	8766.07
899.276	8652.07
899.874	8683.07
900.472	8578.07
901.069	8621.07
901.667	8571.07
902.264	8504.07
902.862	8680.07
903.459	8937.07
904.056	8950.07
904.654	8761.07
905.251	8669.07
905.848	8744.07
906.445	8737.07
907.04	8821.07
907.638	8814.07
908.235	8858.07
908.832	8804.07
909.429	8849.07
910.026	8813.07
910.621	8590.07
911.218	8857.07
911.814	8885.07
912.411	8882.07
913.008	8959.07
913.603	8921.07
914.199	8929.07
914.796	8927.07
915.393	8797.07
915.987	8847.07
916.584	8906.07
917.18	8984.07
917.777	9049.07
918.371	8986.07
918.967	8872.07
919.564	8945.07
920.158	8853.07
920.754	8970.07
921.351	8990.07
921.945	9020.07
922.541	8977.07
923.135	9191.07
923.731	9025.07
924.327	9149.07
924.921	8930.07
925.517	9059.07
926.111	9117.07
926.707	9149.07
927.301	9030.07
927.896	9005.07
928.492	9015.07
929.086	9082.07
929.682	8960.24
930.275	8935.56
930.871	9078.21
931.464	9165.43
932.058	9066.59
932.653	9158.6
933.247	9024.87
933.842	9124.34
934.435	9089.92
935.031	9284.48
935.624	9158.59
936.217	9154.9
936.813	9176.83
937.406	9155.87
938.001	9231.77
938.594	9006.99
939.187	9090.26
939.782	9138.16
940.375	8992.14
940.968	9315.56
941.563	9243.53
942.156	9343.27
942.748	9280.87
943.341	9224.97
943.936	9197.36
944.529	9173.82
945.121	9136.63
945.716	9066.77
946.308	9148.86
946.901	9207.56
947.493	9118.56
948.086	9265.11
948.68	9273.41
949.273	9236.64
949.865	9268.38
950.457	9381.15
951.05	9159.54
951.642	9224.54
952.236	9181.61
952.828	9322.99
953.42	9252.66
954.012	9379.41
954.604	9521.25
955.196	9344.84
955.788	9292.04
956.38	9194.22
956.972	9267.1
957.564	9176.51
958.156	9383.1
958.748	9407.23
959.339	9474.96
959.931	9318.26
960.523	9522.25
961.114	9387.06
961.706	9406
962.297	9432
962.889	9266.57
963.48	9388.06
964.072	9386.88
964.663	9339.13
965.255	9330.75
965.846	9409.85
966.437	9331.46
967.028	9375.84
967.62	9374.33
968.209	9285.38
968.8	9449.59
969.391	9421.08
969.982	9365.83
970.573	9426.66
971.164	9317.66
971.753	9481.14
972.344	9455.93
972.934	9527.31
973.525	9510.49
974.116	9465.31
974.705	9391.17
975.295	9380.83
975.886	9247.97
976.477	9321.44
977.065	9429.93
977.656	9337.69
978.246	9415.05
978.835	9371.42
979.425	9488.91
980.015	9473.17
980.604	9393.89
981.194	9263.16
981.784	9436.74
982.372	9411.84
982.963	9462.91
983.551	9443.51
984.141	9362.65
984.731	9559.05
985.319	9420.93
985.909	9372.32
986.497	9319.66
987.087	9473.06
987.675	9439.37
988.265	9426.87
988.854	9416.99
989.442	9417.43
990.032	9433.64
990.62	9288.53
991.209	9376.74
991.797	9429.73
992.384	9496.4
992.974	9379.37
993.561	9289.56
994.151	9312.55
994.738	9413.88
995.328	9487.66
995.915	9524.49
996.502	9475.88
997.092	9610
997.679	9376.44
998.268	9501.9
998.855	9493.78
999.442	9416.63
1000.03	9449.35
1000.62	9461.58
1001.21	9651.75
1001.79	9493.27
1002.38	9537.09
1002.97	9577.04
1003.55	9477.88
1004.14	9448.26
1004.73	9519.53
1005.32	9355.78
1005.9	9753.17
1006.49	9629.24
1007.08	9488.22
1007.67	9472.29
1008.25	9562.76
1008.84	9564.45
1009.43	9636.19
1010.01	9569.53
1010.6	9569.95
1011.19	9586.39
1011.77	9660.57
1012.36	9273.3
1012.95	9512.11
1013.53	9554.53
1014.12	9480.09
1014.71	9615.75
1015.29	9372.51
1015.88	9523.6
1016.46	9496.82
1017.05	9330.91
1017.64	9296.53
1018.22	9385.11
1018.81	9377.73
1019.39	9285.76
1019.98	9396.02
1020.56	9518.92
1021.15	9527.51
1021.74	9508.64
1022.32	9538.92
1022.91	9349.84
1023.49	9508.16
1024.08	9508.57
1024.66	9538.67
1025.25	9535.77
1025.83	9583.04
1026.42	9618.98
1027	9575.21
1027.59	9682.49
1028.17	9657.45
1028.76	9596
1029.34	9636.37
1029.93	9562.82
1030.51	9575.86
1031.1	9661.92
1031.68	9643.09
1032.27	9561.76
1032.85	9660.35
1033.44	9590.24
1034.02	9680.51
1034.6	9573.75
1035.19	9691.22
1035.77	9579.19
1036.36	9480.09
1036.94	9462.2
1037.52	9578.14
1038.11	9561.38
1038.69	9589.3
1039.28	9744.14
1039.86	9628.65
1040.44	9653.56
1041.03	9585.67
1041.61	9593.45
1042.19	9623.38
1042.78	9625.56
1043.36	9667.81
1043.95	9662.3
1044.53	9616.66
1045.11	9538.07
1045.7	9513.55
1046.28	9588.67
1046.86	9647.84
1047.44	9515.51
1048.03	9628.42
1048.61	9545.96
1049.19	9650.93
1049.78	9466.29
1050.36	9595
1050.94	9631.65
1051.52	9492.6
1052.11	9546.21
1052.69	9576.06
1053.27	9649.25
1053.85	9702.33
1054.44	9674.72
1055.02	9631.56
1055.6	9479.41
1056.18	9551.07
1056.76	9723.29
1057.35	9618.92
1057.93	9642.61
1058.51	9560.74
1059.09	9620.44
1059.68	9446.5
1060.26	9508.68
1060.84	9635.05
1061.42	9636.34
1062	9626.48
1062.58	9669.78
1063.17	9496.65
1063.75	9571.43
1064.33	9545.6
1064.91	9648.78
1065.49	9598.9
1066.07	9560.96
1066.65	9670.1
1067.23	9791.14
1067.81	9690.24
1068.39	9654.77
1068.98	9752.48
1069.56	9633.25
1070.14	9685
1070.72	9588.69
1071.3	9596.59
1071.88	9766.86
1072.46	9620.16
1073.04	9654.16
1073.62	9618.24
1074.2	9649.16
1074.78	9768.81
1075.36	9667.69
1075.94	9633.45
1076.52	9750.3
1077.1	9604.05
1077.68	9646.91
1078.26	9619.89
1078.84	9569.47
1079.42	9529.81
1080	9621.25
1080.58	9507.46
1081.16	9583.18
1081.74	9767.41
1082.32	9679.42
1082.9	9643.64
1083.48	9591.86
1084.06	9636.33
1084.64	9705.19
1085.22	9594.66
1085.8	9816.68
1086.38	9826.19
1086.96	9818.62
1087.54	9774.49
1088.11	9882.82
1088.69	9860.59
1089.27	9691.28
1089.85	9669.47
1090.43	9604.85
1091.01	9779.25
1091.59	9861.28
1092.17	9688.1
1092.74	9784.92
1093.32	9861.88
1093.9	9785.25
1094.48	9712.9
1095.06	9811.21
1095.64	9791.09
1096.21	9789.42
1096.79	9637.85
1097.37	9647.42
1097.95	9723.4
1098.53	9863.21
1099.1	9738.14
1099.68	9760.58
1100.26	9812.49
1100.84	9811.8
1101.42	9787.45
1101.99	9896.07
1102.57	9817.5
1103.15	9823.37
1103.73	9731.29
1104.3	9715.35
1104.88	9678.8
1105.46	9980.39
1106.04	9908.46
1106.61	9732.32
1106.86	9727.32
1107.44	9772.32
1108.03	9846.32
1108.61	9833.32
1109.2	10061.3
1109.78	10085.3
1110.37	9942.32
1110.95	9877.32
1111.54	9864.32
1112.12	9948.32
1112.71	9856.32
1113.29	9828.32
1113.88	9876.32
1114.46	9710.32
1115.04	9737.32
1115.63	9793.85
1116.21	9798.78
1116.8	9799.66
1117.38	9800.12
1117.97	9787.16
1118.55	9716.32
1119.13	9726.32
1119.72	9713.32
1120.3	9708.32
1120.89	9836.32
1121.47	9802.32
1122.05	9830.32
1122.64	9870.32
1123.22	9832.32
1123.8	9937.32
1124.39	9774.32
1124.97	10069.3
1125.55	9870.32
1126.14	9876.32
1126.72	9854.32
1127.3	9964.32
1127.89	9865.32
1128.47	9959.32
1129.05	9895.32
1129.63	9985.32
1130.22	9957.32
1130.8	9803.32
1131.38	9822.32
1131.97	9909.32
1132.55	9776.32
1133.13	9845.32
1133.71	10010.3
1134.3	10004.3
1134.88	9980.32
1135.46	9930.32
1136.04	9786.32
1136.63	9721.32
1137.21	9934.32
1137.79	9703.32
1138.37	9801.32
1138.96	9738.32
1139.54	9718.32
1140.12	9842.32
1140.7	9747.32
1141.28	9568.32
1141.87	9702.32
1142.45	9889.32
1143.03	9624.32
1143.61	9599.32
1144.19	9775.32
1144.77	9636.32
1145.36	9865.32
1145.94	9706.32
1146.52	9798.32
1147.1	9678.32
1147.68	9856.32
1148.26	9724.32
1148.84	9749.32
1149.42	9899.32
1150.01	9836.32
1150.59	9927.32
1151.17	9693.32
1151.75	9811.32
1152.33	9637.32
1152.91	9744.32
1153.49	9718.32
1154.07	9694.32
1154.65	9664.32
1155.23	9816.32
1155.81	9706.32
1156.39	9780.32
1156.97	9940.32
1157.55	9735.32
1158.13	9910.32
1158.71	9717.32
1159.29	9880.32
1159.87	9730.32
1160.45	9777.32
1161.03	9719.32
1161.61	9673.32
1162.19	9655.32
1162.77	9892.32
1163.35	9774.32
1163.93	9678.32
1164.51	9550.32
1165.09	9516.32
1165.67	9635.32
1166.25	9750.32
1166.83	9674.32
1167.41	9726.32
1167.99	9809.32
1168.57	9652.32
1169.15	9857.32
1169.73	9698.32
1170.31	9785.32
1170.88	9769.32
1171.46	9684.32
1172.04	9671.32
1172.62	9524.32
1173.2	9523.32
1173.78	9517.54
1174.36	9501.47
1174.94	9493.24
1175.51	9478.74
1176.09	9459.97
1176.67	9460.16
1177.25	9441.78
1177.83	9430.85
1178.41	9413.7
1178.99	9402.2
1179.56	9382.81
1180.14	9270.32
1180.72	9538.32
1181.3	9600.32
1181.88	9309.32
1182.45	9407.32
1183.03	9379.32
1183.61	9363.32
1184.19	9499.32
1184.76	9497.32
1185.34	9368.32
1185.92	9346.32
1186.5	9482.32
1187.07	9428.32
1187.65	9439.32
1188.23	9313.32
1188.81	9363.32
1189.38	9255.32
1189.96	9168.32
1190.54	9443.32
1191.11	9321.32
1191.69	9417.32
1192.27	9217.32
1192.84	9324.32
1193.42	9204.32
1194	9312.32
1194.58	9445.32
1195.15	9101.32
1195.73	9332.32
1196.31	9188.32
1196.88	9309.32
1197.46	9313.32
1198.03	9031.32
1198.61	9408.32
1199.19	9277.32
1199.76	9264.32
1200.34	9418.32
1200.92	9181.32
1201.49	9221.32
1202.07	9149.32
1202.64	9156.32
1203.22	9121.32
1203.8	9121.32
1204.37	9094.32
1204.95	9297.32
1205.52	9037.32
1206.1	9182.32
1206.67	9099.32
1207.25	9134.32
1207.82	9074.32
1208.4	8913.32
1208.98	8900.32
1209.55	9078.32
1210.13	8979.32
1210.7	9085.32
1211.28	8906.32
1211.85	8897.32
1212.43	8996.32
1213	8895.32
1213.58	8986.32
1214.15	8965.32
1214.73	9133.32
1215.3	8953.32
1215.88	9043.32
1216.45	8931.32
1217.02	9027.32
1217.6	8874.32
1218.17	8978.32
1218.75	8896.32
1219.32	8867.32
1219.9	8993.32
1220.47	8767.32
1221.04	8745.32
1221.62	8652.32
1222.19	8895.32
1222.77	8778.32
1223.34	8732.32
1223.91	8913.32
1224.49	8812.32
1225.06	8675.32
1225.64	8802.32
1226.21	8627.32
1226.78	8823.32
1227.36	8867.32
1227.93	8772.32
1228.5	8887.32
1229.08	8660.32
1229.65	8801.32
1230.22	8665.32
1230.8	8673.32
1231.37	8814.32
1231.94	8824.32
1232.52	8727.32
1233.09	8719.32
1233.66	8715.32
1234.23	8689.32
1234.81	8744.32
1235.38	8639.32
1235.95	8645.32
1236.53	8688.32
1237.1	8656.32
1237.67	8606.32
1238.24	8723.32
1238.82	8671.32
1239.39	8761.32
1239.96	8341.32
1240.53	8531.32
1241.1	8508.32
1241.68	8620.32
1242.25	8602.32
1242.82	8550.32
1243.39	8499.32
1243.96	8667.32
1244.54	8484.32
1245.11	8502.32
1245.68	8569.32
1246.25	8592.32
1246.82	8768.32
1247.4	8603.32
1247.97	8580.32
1248.54	8373.32
1249.11	8586.32
1249.68	8617.32
1250.25	8438.32
1250.82	8582.32
1251.39	8623.32
1251.97	8375.32
1252.54	8533.32
1253.11	8495.32
1253.68	8427.32
1254.25	8459.32
1254.82	8597.32
1255.39	8286.32
1255.96	8409.32
1256.53	8559.32
1257.1	8689.32
1257.67	8481.32
1258.25	8502.32
1258.82	8520.32
1259.38	8425.32
1259.96	8547.32
1260.53	8546.32
1261.1	8591.32
1261.67	8537.32
1262.24	8595.32
1262.81	8586.32
1263.38	8434.32
1263.95	8641.32
1264.52	8549.32
1265.09	8595.32
1265.66	8700.32
1266.23	8587.32
1266.8	8573.32
1267.37	8520.32
1267.94	8405.32
1268.5	8586.32
1269.07	8687.32
1269.64	8594.32
1270.21	8599.32
1270.78	8702.32
1271.35	8530.32
1271.92	8631.32
1272.49	8531.32
1273.06	8540.32
1273.63	8574.32
1274.2	8537.32
1274.77	8555.32
1275.33	8421.32
1275.9	8672.32
1276.47	8640.32
1277.04	8513.32
1277.61	8676.32
1278.18	8331.32
1278.75	8668.32
1279.32	8730.32
1279.88	8570.32
1280.45	8701.32
1281.02	8626.32
1281.59	8583.32
1282.16	8510.32
1282.73	8444.32
1283.29	8621.32
1283.86	8550.32
1284.43	8574.32
1285	8649.32
1285.57	8655.32
1286.13	8625.32
1286.7	8409.32
1287.27	8700.32
1287.84	8551.32
1288.4	8329.32
1288.97	8418.32
1289.54	8689.32
1290.11	8561.32
1290.67	8419.32
1291.24	8457.32
1291.81	8575.32
1292.38	8469.32
1292.94	8428.32
1293.51	8519.32
1294.08	8393.32
1294.64	8430.32
1295.21	8492.32
1295.78	8528.32
1296.35	8607.32
1296.91	8656.32
1297.48	8667.32
1298.04	8630.32
1298.61	8727.32
1299.18	8617.32
1299.74	8677.32
1300.31	8564.32
1300.88	8475.32
1301.44	8743.32
1302.01	8720.32
1302.58	8638.32
1303.14	8603.32
1303.71	8607.32
1304.27	8514.32
1304.84	8630.32
1305.41	8669.32
1305.97	8665.32
1306.54	8626.32
1307.11	8597.32
1307.67	8767.32
1308.24	8631.32
1308.8	8569.32
1309.37	8692.32
1309.93	8549.32
1310.5	8662.32
1311.06	8764.32
1311.63	8869.32
1312.19	8797.32
1312.76	8579.32
1313.32	8641.32
1313.89	8645.32
1314.46	8704.32
1315.02	8693.32
1315.58	8563.32
1316.15	8670.49
1316.71	8765.32
1317.28	8769.32
1317.84	8659.32
1318.41	8669.32
1318.97	8625.32
1319.54	8697.32
1320.1	8772.32
1320.67	8685.32
1321.23	8818.32
1321.8	8642.32
1322.36	8818.32
1322.92	8693.54
1323.49	8868.32
1324.05	8825.32
1324.62	8829.32
1325.18	8805.32
1325.74	8707.31
1326.31	8835.32
1326.87	8715.32
1327.44	8737.32
1328	8840.32
1328.56	8657.32
1329.13	8647.32
1329.69	8771.32
1330.25	8807.32
1330.82	8750.32
1331.38	8762.32
1331.94	8759.32
1332.51	8722.32
1333.07	8640.32
1333.63	8704.32
1334.2	8691.32
1334.76	8782.32
1335.32	8791.32
1335.89	8674.32
1336.45	8838.32
1337.01	8710.32
1337.58	8736.32
1338.14	8866.32
1338.7	8714.32
1339.26	8696.32
1339.83	8814.32
1340.39	8702.32
1340.95	8858.32
1341.51	8601.32
1342.08	8661.32
1342.64	8702.32
1343.2	8893.32
1343.76	8777.86
1344.32	8793.32
1344.89	8861.32
1345.45	8797.32
1346.01	8619.32
1346.57	8965.32
1347.13	8714.66
1347.7	8732.4
1348.26	8946.35
1348.82	8954.46
1349.38	8817.81
1349.94	8782.29
1350.5	8854.16
1351.07	8778.72
1351.63	8599.62
1352.19	8729.51
1352.75	8623.37
1353.31	8727.87
1353.87	8611.2
1354.43	8893.79
1354.99	8792.46
1355.56	8915.77
1356.12	8773.17
1356.68	8977.54
1357.24	8908.37
1357.8	8835.57
1358.36	8890.96
1358.92	8803.22
1359.48	8999.03
1360.04	8963.46
1360.6	8635.8
1361.16	8656.87
1361.72	8842.4
1362.28	8738.98
1362.85	8793.73
1363.41	8734.23
1363.97	8820.19
1364.53	8964.07
1365.09	8772.76
1365.65	8837.71
1366.21	8782.7
1366.77	8804.08
1367.33	8718.68
1367.89	8952.79
1368.45	9113.79
1369.01	8817.07
1369.57	8836.29
1370.13	8887.57
1370.68	8950.34
1371.24	8892.91
1371.8	8970.82
1372.36	8808.28
1372.92	8993.1
1373.48	8963.35
1374.04	8950.93
1374.6	8910.83
1375.16	8912.85
1375.72	8916.21
1376.28	8843.88
1376.84	8888.54
1377.39	8929.71
1377.95	9081.92
1378.51	8975.45
1379.07	8977.55
1379.63	8989.97
1380.19	8802.21
1380.75	8818.13
1381.31	8992.76
1381.87	8875.11
1382.42	8912.23
1382.98	9053.99
1383.54	8976.79
1384.1	9025.98
1384.66	9006.17
1385.21	8986.51
1385.77	8949.65
1386.33	8998.88
1386.89	8967.91
1387.45	9053.82
1388	9059.9
1388.56	8950.89
1389.12	8979.62
1389.68	8908.01
1390.24	9035.12
1390.79	9016.33
1391.35	9017.51
1391.91	8890.21
1392.47	9067.4
1393.02	8992.83
1393.58	8969.3
1394.14	8813.5
1394.7	8856.34
1395.25	8794.36
1395.81	8876.34
1396.37	9020.79
1396.92	8985.43
1397.48	9025.7
1398.04	9120.8
1398.59	8996.13
1399.15	8886.67
1399.71	9014.3
1400.27	8992.28
1400.82	8905.46
1401.38	8958.47
1401.93	9060.13
1402.49	9032.82
1403.05	8875.39
1403.6	8844.25
1404.16	9018.24
1404.72	8920.11
1405.27	8947.86
1405.83	8978.74
1406.39	9002.88
1406.94	9026.14
1407.5	8915.92
1408.05	8962.59
1408.61	8993.67
1409.16	8995.16
1409.72	9081.05
1410.28	8966.49
1410.83	9037.62
1411.39	8984.6
1411.94	9020.66
1412.5	9003.07
1413.05	9085.67
1413.61	9032.24
1414.16	9034.33
1414.72	9115.6
1415.27	9075.48
1415.83	9093.95
1416.38	9044.96
1416.94	9046.6
1417.5	9183.45
1418.05	9134.44
1418.61	9050.45
1419.16	9051.81
1419.72	9075.83
1420.27	9068.32
1420.82	9088.18
1421.38	9119.46
1421.93	9060.31
1422.49	9060.6
1423.04	9062.84
1423.6	9116.64
1424.15	9054.3
1424.71	9068.1
1425.26	9169.88
1425.81	9061.71
1426.37	9123.41
1426.92	9073.26
1427.48	9075.55
1428.03	9078.42
1428.59	9080.11
1429.14	9091.83
1429.69	9100.51
1430.25	9105.14
1430.8	9094.33
1431.35	9096.55
1431.91	9097.99
1432.46	9098.71
1433.02	9099.14
1433.57	9096.47
1434.12	9090.49
1434.67	9064.23
1435.23	9081.5
1435.78	9079.51
1436.33	9140.14
1436.89	9106.4
1437.44	9192.56
1437.99	9119.89
1438.55	9132.54
1439.1	9262.75
1439.65	9198.61
1440.2	9123.54
1440.76	9106.32
1441.31	9064.7
1441.86	9212.36
1442.42	9230.74
1442.97	9169.57
1443.52	9158.1
1444.07	9177.03
1444.62	9155.86
1445.18	9215.59
1445.73	9171.13
1446.28	9171.61
1446.83	9143.14
1447.39	9180.95
1447.94	9210.88
1448.49	9243
1449.04	9193.66
1449.59	9203.44
1450.15	9207.97
1450.7	9189.56
1451.25	9179.51
1451.8	9182.44
1452.35	9168.44
1452.9	9126.65
1453.46	9192.92
1454.01	9202.48
1454.56	9205.26
1455.11	9183.6
1455.66	9230.14
1456.21	9151.54
1456.76	9150.76
1457.32	9175.11
1457.87	9223.41
1458.42	9193.68
1458.97	9057.86
1459.52	9173.21
1460.07	9145.87
1460.62	9236.25
1461.17	9257.96
1461.72	9285.61
1462.27	9258.39
1462.82	9293.17
1463.37	9271.86
1463.92	9259.08
1464.48	9176.09
1465.03	9273.85
1465.58	9195.25
1466.13	9150.02
1466.68	9172.57
1467.23	9281.94
1467.78	9267.14
1468.33	9334.99
1468.88	9171.04
1469.43	9199.26
1469.98	9255.97
1470.53	9143.67
1471.08	9177.78
1471.63	9251.63
1472.18	9190.92
1472.72	9133.49
1473.27	9224.23
1473.82	9093.27
1474.37	9258.15
1474.92	9288.43
1475.47	9216.06
1476.02	9252.56
1476.57	9275.5
1477.12	9314.96
1477.67	9325.93
1478.22	9237.93
1478.77	9206.44
1479.32	9181.53
1479.86	9249.96
1480.41	9211.53
1480.96	9328
1481.51	9315.64
1482.06	9249.3
1482.61	9360.33
1483.16	9238.65
1483.71	9165.84
1484.25	9434.12
1484.8	9311.24
1485.35	9340.7
1485.9	9315.67
1486.45	9317.64
1487	9342.73
1487.54	9295.22
1488.09	9233.63
1488.64	9310.64
1489.19	9212.24
1489.74	9175.58
1490.28	9305.28
1490.83	9334.7
1491.38	9227.94
1491.93	9302.73
1492.47	9277.44
1493.02	9262.04
1493.57	9367.68
1494.12	9291.81
1494.67	9449.58
1495.21	9391.62
1495.76	9377.44
1496.31	9372.57
1496.86	9345.55
1497.4	9189.23
1497.95	9402.11
1498.5	9322.83
1499.04	9423.78
1499.59	9354.58
1500.14	9325.12
1500.68	9262.92
1501.23	9422.01
1501.78	9394.05
1502.32	9413.69
1502.87	9240.32
1503.42	9192.5
1503.96	9321.66
1504.51	9357.04
1505.06	9374.5
1505.6	9479.07
1506.15	9483.92
1506.7	9389.75
1507.24	9327.79
1507.79	9370.75
1508.34	9438.08
1508.88	9367.24
1509.43	9438.9
1509.97	9419.38
1510.52	9437.09
1511.06	9412.63
1511.61	9391.26
1512.16	9445.64
1512.7	9427.72
1513.25	9501.1
1513.79	9340.11
1514.2	9481.11
1514.75	9429.11
1515.3	9347.11
1515.86	9363.11
1516.41	9494.11
1516.96	9445.11
1517.52	9348.11
1518.07	9344.11
1518.62	9467.11
1519.18	9394.11
1519.73	9338.11
1520.28	9430.11
1520.83	9358.11
1521.39	9392.11
1521.94	9322.11
1522.49	9344.11
1523.04	9319.11
1523.6	9318.11
1524.15	9254.11
1524.7	9167.11
1525.26	9197.11
1525.81	9121.11
1526.36	9350.11
1526.91	9314.11
1527.46	9383.11
1528.02	9249.11
1528.57	9418.11
1529.12	9405.11
1529.67	9394.11
1530.22	9462.11
1530.77	9384.11
1531.33	9370.11
1531.88	9509.11
1532.43	9478.11
1532.98	9402.11
1533.53	9623.11
1534.08	9575.11
1534.64	9478.11
1535.19	9316.11
1535.74	9437.11
1536.29	9507.11
1536.84	9492.11
1537.39	9493.11
1537.94	9386.11
1538.5	9466.11
1539.05	9521.11
1539.6	9578.11
1540.15	9495.77
1540.7	9498.19
1541.25	9484.11
1541.8	9669.11
1542.35	9548.11
1542.9	9455.11
1543.45	9558.11
1544	9490.11
1544.55	9473.11
1545.1	9487.11
1545.65	9531.11
1546.2	9486.11
1546.76	9602.11
1547.31	9526.11
1547.85	9752.11
1548.41	9556.11
1548.96	9548.11
1549.51	9499.11
1550.06	9609.11
1550.61	9698.11
1551.16	9620.11
1551.7	9747.11
1552.26	9812.11
1552.81	9813.11
1553.35	9797.11
1553.9	9863.11
1554.45	9536.31
1555	9539.79
1555.55	9541.75
1556.1	9545.94
1556.65	9532.3
1557.2	9718.11
1557.75	9850.11
1558.3	9705.11
1558.85	9697.11
1559.4	9656.11
1559.95	9522.11
1560.5	9490.11
1561.04	9599.11
1561.59	9620.11
1562.14	9591.11
1562.69	9495.11
1563.24	9623.11
1563.79	9578.37
1564.34	9578.23
1564.89	9583.22
1565.43	9621.11
1565.98	9650.11
1566.53	9579.11
1567.08	9644.11
1567.63	9507.11
1568.18	9578.11
1568.72	9627.11
1569.27	9559.11
1569.82	9585.11
1570.37	9583.11
1570.92	9701.11
1571.46	9628.11
1572.01	9542.11
1572.56	9604.11
1573.11	9689.11
1573.66	9608.11
1574.2	9705.11
1574.75	9615.11
1575.3	9630.11
1575.85	9605.11
1576.39	9620.11
1576.94	9526.11
1577.49	9457.11
1578.04	9441.26
1578.58	9435.11
1579.13	9531.11
1579.68	9522.11
1580.22	9448.76
1580.77	9455.2
1581.32	9456.08
1581.87	9461.9
1582.41	9459.39
1582.96	9460.65
1583.51	9461.95
1584.05	9582.11
1584.6	9683.11
1585.14	9727.11
1585.69	9753.11
1586.24	9545.11
1586.79	9658.11
1587.33	9688.11
1587.88	9695.11
1588.42	9764.11
1588.97	9694.11
1589.52	9749.11
1590.06	9615.11
1590.61	9631.11
1591.16	9648.11
1591.7	9622.11
1592.25	9603.11
1592.79	9714.11
1593.34	9877.11
1593.88	9667.11
1594.43	9790.11
1594.98	9735.11
1595.52	9676.11
1596.07	9876.11
1596.61	9762.11
1597.16	9649.11
1597.7	9776.11
1598.25	9647.11
1598.79	9698.11
1599.34	9755.11
1599.89	9625.11
2699.93	7141.49
2700.4	7141.49
2700.87	7136.01
2701.33	7136.01
2701.8	7136.01
2702.27	7130.54
2702.74	7130.54
2703.2	7130.54
2703.67	7125.06
2704.14	7292.5
2704.6	7317.5
2705.07	7256.5
2705.54	7157.5
2706.01	7187.5
2706.47	7088.5
2706.94	7081.5
2707.41	7157.5
2707.87	7134.5
2708.34	7129.5
2708.81	7263.5
2709.27	7024.5
2709.74	7120.5
2710.21	7107.5
2710.67	7022.5
2711.14	7103.5
2711.6	7117.5
2712.07	7099.5
2712.54	7054.5
2713	7151.5
2713.47	7166.5
2713.94	7223.5
2714.4	7148.5
2714.87	7024.5
2715.34	7108.5
2715.8	7257.5
2716.27	7155.5
2716.73	7019.5
2717.2	7264.5
2717.67	7252.5
2718.13	7147.5
2718.6	7204.5
2719.06	7302.5
2719.53	7203.5
2719.99	7190.5
2720.46	7205.5
2720.93	7029.5
2721.39	7143.5
2721.86	7045.5
2722.32	7096.5
2722.79	7053.5
2723.25	7217.5
2723.72	7172.5
2724.18	7326.5
2724.65	7168.5
2725.11	7164.5
2725.58	7098.5
2726.04	7184.5
2726.51	7107.5
2726.97	7094.5
2727.44	7165.5
2727.9	7191.5
2728.37	7135.5
2728.83	7228.5
2729.3	7242.6
2729.76	7223.85
2730.23	7207.23
2730.69	7035.5
2731.16	7205.5
2731.62	7152.75
2732.09	7134.94
2732.55	7188.5
2733.02	7236.5
2733.48	7270.5
2733.95	7234.5
2734.41	7114.5
2734.87	7102.56
2735.34	7114.46
2735.8	7124.19
2736.27	7129.99
2736.73	7135.07
2737.19	7136.5
2737.66	7137.09
2738.12	7040.5
2738.59	7038.5
2739.05	7136.49
2739.51	7135.58
2739.98	7136.93
2740.44	7135.71
2740.91	7136.24
2741.37	7138.33
2741.83	7069.5
2742.3	7065.5
2742.76	7373.5
2743.22	7160.5
2743.69	7046.5
2744.15	7037.5
2744.61	7140.5
2745.08	7167.5
2745.54	7182.5
2746.01	7083.5
2746.47	7355.5
2746.93	7221.5
2747.39	7246.5
2747.86	7075.5
2748.32	7171.5
2748.78	7261.5
2749.25	7055.5
2749.71	7113.5
2750.17	7118.5
2750.64	7203.5
2751.1	7208.5
2751.56	7237.5
2752.02	7294.5
2752.49	7210.5
2752.95	7214.5
2753.41	7131.5
2753.87	7059.5
2754.34	7086.5
2754.8	7200.5
2755.26	7181.5
2755.72	7181.5
2756.19	7376.5
2756.65	7233.5
2757.11	7206.5
2757.57	7299.5
2758.04	7212.5
2758.5	7158.91
2758.96	7157.45
2759.42	7160.69
2759.88	7059.5
2760.35	7184.5
2760.81	7116.5
2761.27	7269.5
2761.73	7215.5
2762.19	7306.5
2762.66	7081.5
2763.12	7083.5
2763.58	7068.5
2764.04	7174.5
2764.5	7054.5
2764.96	7171.83
2765.43	7187.5
2765.89	7173.5
2766.35	7197.5
2766.81	7179.5
2767.27	7088.5
2767.73	7151.65
2768.19	7149.56
2768.65	7147.51
2769.12	7149.26
2769.58	7150.21
2770.04	7152.94
2770.5	7152.47
2770.96	7154.99
2771.42	7156.37
2771.88	7158.1
2772.34	7159.12
2772.8	7162.62
2773.26	7161.43
2773.73	7164.07
2774.19	7167.64
2774.65	7288.5
2775.11	7245.5
2775.57	7278.5
2776.03	7383.5
2776.49	7194.5
2776.95	7316.5
2777.41	7221.5
2777.87	7173.5
2778.33	7258.5
2778.79	7177.25
2779.25	7186.5
2779.71	7231.5
2780.17	7249.5
2780.63	7141.5
2781.09	7321.5
2781.55	7265.5
2782.01	7110.5
2782.47	7214.5
2782.93	7162.5
2783.39	7277.5
2783.85	7296.5
2784.31	7224.5
2784.77	7299.5
2785.23	7233.5
2785.69	7246.5
2786.15	7160.5
2786.61	7157.5
2787.07	7271.5
2787.53	7191.5
2787.99	7129.5
2788.45	7268.5
2788.91	7198.5
2789.37	7195.5
2789.83	7208.5
2790.28	7277.5
2790.74	7289.5
2791.2	7248.5
2791.66	7299.5
2792.12	7123.5
2792.58	7227.5
2793.04	7331.5
2793.5	7171.5
2793.96	7206.5
2794.42	7168.5
2794.88	7232.29
2795.33	7281.5
2795.79	7144.5
2796.25	7335.5
2796.71	7231.87
2797.17	7177.5
2797.63	7234.5
2798.09	7214.5
2798.54	7228.5
2799	7224.5
2799.46	7114.5
2799.92	7085.5
2800.38	7148.5
2800.84	7218.65
2801.29	7218.66
2801.75	7223.59
2802.21	7227.06
2802.67	7229.22
2803.13	7220.5
2803.59	7267.5
2804.04	7272.5
2804.5	7227.5
2804.96	7190.5
2805.42	7342.5
2805.87	7305.5
2806.33	7343.5
2806.79	7090.5
2807.25	7284.5
2807.71	7337.5
2808.16	7372.5
2808.62	7267.5
2809.08	7255.5
2809.54	7274.5
2809.99	7286.5
2810.45	7317.5
2810.91	7308.5
2811.36	7265.99
2811.82	7192.5
2812.28	7185.5
2812.74	7317.5
2813.19	7265.5
2813.65	7288.5
2814.11	7333.5
2814.57	7240.5
2815.02	7314.5
2815.48	7186.5
2815.94	7278.5
2816.39	7099.5
2816.85	7118.5
2817.31	7200.5
2817.76	7296.5
2818.22	7133.5
2818.68	7367.5
2819.13	7222.5
2819.59	7243.5
2820.05	7304.5
2820.5	7267.5
2820.96	7223.5
2821.42	7276.5
2821.87	7285.5
2822.33	7384.5
2822.78	7316.5
2823.24	7215.5
2823.7	7319.5
2824.15	7201.5
2824.61	7293.5
2825.07	7165.5
2825.52	7294.5
2825.98	7189.5
2826.43	7301.5
2826.89	7245.5
2827.35	7303.5
2827.8	7359.5
2828.26	7213.5
2828.71	7366.5
2829.17	7314.5
2829.62	7319.99
2830.08	7269.5
2830.54	7268.5
2830.99	7420.5
2831.45	7279.5
2831.9	7429.5
2832.36	7333.82
2832.81	7331.52
2833.27	7334.42
2833.72	7360.5
2834.18	7248.5
2834.63	7222.5
2835.09	7342.5
2835.54	7422.5
2836	7284.5
2836.45	7413.5
2836.91	7402.5
2837.36	7344.02
2837.82	7344.74
2838.27	7272.5
2838.73	7293.5
2839.18	7263.5
2839.64	7371.5
2840.09	7362.5
2840.55	7335.5
2841	7446.5
2841.46	7344.5
2841.91	7392.5
2842.36	7305.5
2842.82	7322.5
2843.27	7341.58
2843.73	7342.29
2844.18	7342.49
2844.64	7343.49
2845.09	7343.78
2845.54	7344.56
2846	7347.56
2846.45	7349.92
2846.91	7351.75
2847.36	7351.68
2847.82	7353.84
2848.27	7252.5
2848.72	7301.5
2849.18	7253.5
2849.63	7292.5
2850.08	7409.5
2850.54	7324.5
2850.99	7370.5
2851.45	7475.5
2851.9	7530.5
2852.35	7500.5
2852.81	7384.5
2853.26	7465.5
2853.71	7434.5
2854.17	7374.5
2854.62	7476.5
2855.07	7411.5
2855.53	7593.5
2855.98	7420.5
2856.43	7443.5
2856.89	7460.5
2857.34	7416.5
2857.79	7374.5
2858.25	7313.5
2858.7	7391.67
2859.15	7392.59
2859.6	7393.5
2860.06	7417.5
2860.51	7403.5
2860.96	7354.5
2861.42	7570.5
2861.87	7392.5
2862.32	7431.5
2862.77	7405.37
2863.23	7262.5
2863.68	7394.5
2864.13	7446.5
2864.58	7440.5
2865.04	7412.5
2865.49	7431.5
2865.94	7289.5
2866.39	7428.5
2866.84	7300.5
2867.3	7431.5
2867.75	7363.5
2868.2	7498.5
2868.65	7289.5
2869.11	7359.5
2869.56	7492.5
2870.01	7458.5
2870.46	7464.5
2870.91	7555.5
2871.36	7374.5
2871.82	7430.5
2872.27	7442.5
2872.72	7336.5
2873.17	7415.5
2873.62	7474.5
2874.07	7511.5
2874.53	7625.5
2874.98	7556.5
2875.43	7444.5
2875.88	7400.5
2876.33	7369.5
2876.78	7500.5
2877.23	7405.19
2877.69	7407.58
2878.14	7366.5
2878.59	7344.5
2879.04	7448.5
2879.49	7460.5
2879.94	7422.03
2880.39	7493.5
2880.84	7392.5
2881.29	7432.5
2881.74	7539.5
2882.2	7411.5
2882.65	7503.5
2883.1	7462.5
2883.55	7743.5
2884	7643.5
2884.45	7579.5
2884.9	7467.5
2885.35	7486.5
2885.8	7386.5
2886.25	7489.5
2886.7	7438.5
2887.15	7444.39
2887.6	7563.5
2888.05	7621.5
2888.5	7449.22
2888.95	7449.15
2889.4	7451.57
2889.85	7449.09
2890.3	7451.19
2890.75	7453.55
2891.2	7452.75
2891.65	7453.93
2892.1	7454.77
2892.55	7456.54
2893	7457.81
2893.45	7459.82
2893.9	7333.5
2894.35	7396.5
2894.8	7573.5
2895.25	7634.5
2895.7	7457.5
2896.15	7520.5
2896.6	7563.5
2897.05	7467.5
2897.5	7592.5
2897.95	7465.5
2898.4	7547.5
2898.85	7551.5
2899.29	7445.5
2899.74	7401.5
2900.19	7391.5
2900.64	7545.5
2901.09	7443.5
2901.54	7556.5
2901.99	7500.5
2902.44	7637.5
2902.89	7538.5
2903.34	7647.5
2903.78	7557.5
2904.23	7495.5
2904.68	7482.5
2905.13	7480.5
2905.58	7498.5
2906.03	7477.5
2906.48	7519.5
2906.92	7527.5
2907.37	7600.5
2907.82	7614.5
2908.27	7597.5
2908.72	7613.5
2909.17	7441.5
2909.61	7368.5
2910.06	7502.5
2910.51	7471.5
2910.96	7483.5
2911.41	7420.5
2911.86	7541.5
2912.3	7651.5
2912.75	7586.5
2913.2	7631.5
2913.65	7571.5
2914.1	7577.5
2914.54	7459.5
2914.99	7356.5
2915.44	7516.5
2915.89	7620.5
2916.33	7612.5
2916.78	7515.5
2917.23	7583.5
2917.68	7524.5
2918.12	7503.5
2918.57	7612.5
2919.02	7534.5
2919.47	7468.5
2919.91	7561.5
2920.36	7555.5
2920.81	7572.5
2921.26	7689.5
2921.7	7695.5
2922.15	7596.5
2922.6	7590.5
2923.04	7601.5
2923.49	7560.2
2923.94	7665.5
2924.38	7732.5
2924.83	7387.5
2925.28	7490.5
2925.73	7572.5
2926.17	7524.5
2926.62	7518.5
2927.06	7706.5
2927.51	7511.5
2927.96	7622.5
2928.41	7451.5
2928.85	7716.5
2929.3	7679.5
2929.74	7693.5
2930.19	7538.5
2930.64	7702.5
2931.08	7723.5
2931.53	7592.5
2931.98	7852.5
2932.42	7663.5
2932.87	7731.5
2933.31	7608.5
2933.76	7662.5
2934.21	7653.5
2934.65	7677.5
2935.1	7795.5
2935.54	7677.5
2935.99	7778.5
2936.44	7834.5
2936.88	7715.5
2937.33	7654.5
2937.77	7594.5
2938.22	7700.5
2938.66	7660.5
2939.11	7626.5
2939.56	7485.5
2940	7656.5
2940.45	7786.5
2940.89	7645.5
2941.34	7710.5
2941.78	7597.5
2942.23	7732.5
2942.67	7634.5
2943.12	7675.5
2943.56	7643.5
2944.01	7668.5
2944.45	7620.5
2944.9	7697.5
2945.34	7760.5
2945.79	7686.5
2946.23	7859.5
2946.68	7527.5
2947.12	7685.5
2947.57	7579.5
2948.01	7603.5
2948.46	7410.5
2948.9	7705.5
2949.34	7712.5
2949.79	7648.5
2950.23	7537.5
2950.68	7616.5
2951.12	7657.5
2951.57	7511.5
2952.01	7690.5
2952.46	7589.5
2952.9	7669.5
2953.34	7586.5
2953.79	7731.5
2954.23	7611.5
2954.68	7739.5
2955.12	7672.5
2955.56	7582.5
2956.01	7416.5
2956.45	7566.5
2956.9	7600.5
2957.34	7609.5
2957.79	7647.5
2958.23	7559.5
2958.67	7659.5
2959.12	7527.5
2959.56	7504.5
2960	7688.5
2960.45	7787.5
2960.89	7443.5
2961.33	7506.5
2961.78	7548.5
2962.22	7545.5
2962.66	7649.5
2963.11	7546.5
2963.55	7608.5
2963.99	7709.5
2964.44	7712.5
2964.88	7615.5
2965.32	7609.5
2965.77	7715.5
2966.21	7683.5
2966.65	7681.5
2967.09	7497.5
2967.54	7619.5
2967.98	7526.5
2968.42	7553.5
2968.87	7492.5
2969.31	7789.5
2969.75	7590.5
2970.19	7470.5
2970.64	7531.5
2971.08	7671.5
2971.52	7669.5
2971.96	7578.62
2972.41	7574.92
2972.85	7624.5
2973.29	7635.5
2973.73	7612.5
2974.18	7722.5
2974.62	7718.5
2975.06	7696.5
2975.5	7608.5
2975.95	7539.5
2976.39	7617.5
2976.83	7538.5
2977.27	7570.02
2977.71	7692.5
2978.16	7604.5
2978.6	7663.5
2979.04	7461.5
2979.48	7443.5
2979.92	7423.5
2980.36	7516.5
2980.81	7559.07
2981.25	7553.86
2981.69	7557.3
2982.13	7559.32
2982.57	7562.28
2983.01	7482.5
2983.46	7413.5
2983.9	7559.5
2984.34	7604.5
2984.78	7558.5
2985.22	7664.5
2985.66	7403.5
2986.1	7586.5
2986.54	7465.5
2986.99	7701.5
2987.43	7501.5
2987.87	7451.5
2988.31	7579.5
2988.75	7593.5
2989.19	7582.5
2989.63	7525.5
2990.07	7455.5
2990.51	7606.5
2990.95	7466.5
2991.39	7633.5
2991.83	7528.5
2992.28	7576.5
2992.72	7631.5
2993.16	7662.5
2993.6	7605.5
2994.04	7664.5
2994.48	7450.5
2994.92	7743.5
2995.36	7543.5
2995.8	7301.5
2996.24	7558.5
2996.68	7530.5
2997.12	7460.5
2997.56	7591.5
2998	7494.5
2998.44	7449.5
2998.88	7526.5
2999.32	7599.5
2999.76	7571.5
3000.2	7631.5
3000.64	7416.5
3001.08	7452.5
3001.52	7397.5
3001.96	7290.5
3002.4	7613.5
3002.84	7622.5
3003.28	7484.5
3003.72	7522.5
3004.16	7515.5
3004.59	7510.5
3005.03	7505.5
3005.47	7673.5
3005.91	7507.5
3006.35	7463.5
3006.79	7566.5
3007.23	7613.5
3007.67	7539.5
3008.11	7636.5
3008.55	7603.5
3008.99	7532.5
3009.43	7528.5
3009.87	7592.5
3010.3	7609.5
3010.74	7485.5
3011.18	7521.5
3011.62	7558.5
3012.06	7350.5
3012.5	7548.5
3012.94	7642.5
3013.38	7625.5
3013.82	7598.5
3014.25	7561.5
3014.69	7585.5
3015.13	7546.5
3015.57	7373.5
3016.01	7629.5
3016.45	7595.5
3016.88	7674.5
3017.32	7460.5
3017.76	7622.5
3018.2	7459.5
3018.64	7467.5
3019.08	7608.5
3019.51	7567.5
3019.95	7682.5
3020.39	7583.5
3020.83	7458.5
3021.26	7653.5
3021.7	7583.5
3022.14	7485.5
3022.58	7556.5
3023.02	7377.5
3023.45	7493.5
3023.89	7612.5
3024.33	7566.5
3024.77	7532.52
3025.2	7717.17
3025.64	7486.72
3026.08	7557.65
3026.52	7637.62
3026.95	7477.23
3027.39	7425.32
3027.83	7511.81
3028.27	7493.25
3028.7	7517.46
3029.14	7418.87
3029.58	7466.58
3030.01	7568.33
3030.45	7530.93
3030.89	7610.11
3031.33	7455.69
3031.76	7670.08
3032.2	7586.04
3032.64	7521.33
3033.07	7636.04
3033.51	7428.21
3033.95	7475.59
3034.38	7378.38
3034.82	7477.59
3035.26	7432.46
3035.69	7304.11
3036.13	7301.37
3036.57	7309.86
3037	7465.82
3037.44	7327.15
3037.88	7314.69
3038.31	7468.52
3038.75	7426.18
3039.18	7614.09
3039.62	7544.34
3040.06	7596.8
3040.49	7671.26
3040.93	7501.94
3041.36	7607.97
3041.8	7570.32
3042.24	7542.43
3042.67	7671.2
3043.11	7506.48
3043.54	7598.71
3043.98	7576.16
3044.42	7678.08
3044.85	7545.74
3045.29	7494.77
3045.72	7664.55
3046.16	7422.03
3046.59	7498.07
3047.03	7420.64
3047.47	7579.49
3047.9	7452.29
3048.34	7323.29
3048.77	7693.24
3049.21	7599.41
3049.64	7634.4
3050.08	7652.56
3050.51	7625.12
3050.95	7517.6
3051.38	7491.01
3051.82	7529.56
3052.25	7492.18
3052.69	7508.53
3053.12	7513.07
3053.56	7546.54
3053.99	7610.17
3054.43	7391.87
3054.86	7581.67
3055.3	7320.73
3055.73	7563.61
3056.17	7491.92
3056.6	7541.43
3057.03	7418.95
3057.47	7581.92
3057.9	7636.35
3058.34	7629.66
3058.77	7612.79
3059.21	7584.81
3059.64	7710.1
3060.08	7451.81
3060.51	7415.75
3060.94	7522.19
3061.38	7548.7
3061.81	7489.77
3062.25	7615.25
3062.68	7547.75
3063.11	7544.82
3063.55	7605.48
3063.98	7537.43
3064.42	7591.95
3064.85	7630.04
3065.28	7553.09
3065.72	7508.4
3066.15	7485.6
3066.58	7484.77
3067.02	7492.49
3067.45	7501.79
3067.89	7382.48
3068.32	7420.16
3068.75	7561.94
3069.19	7444.1
3069.62	7498.56
3070.05	7445.84
3070.49	7355.9
3070.92	7343.74
3071.35	7516.78
3071.79	7515.11
3072.22	7505.85
3072.65	7570.75
3073.09	7661.59
3073.52	7635.34
3073.95	7503.49
3074.38	7656.78
3074.82	7579.81
3075.25	7434.26
3075.68	7433.79
3076.11	7584.19
3076.55	7538.51
3076.98	7610.3
3077.41	7628.69
3077.85	7522.34
3078.28	7634.45
3078.71	7501.02
3079.14	7474.66
3079.58	7476.08
3080.01	7628.61
3080.44	7779.79
3080.87	7718.19
3081.31	7636.75
3081.74	7567.92
3082.17	7536.2
3082.6	7753.02
3083.03	7530.25
3083.47	7578.32
3083.9	7548.47
3084.33	7510.24
3084.76	7577.54
3085.19	7383.76
3085.63	7592.09
3086.06	7455.38
3086.49	7621.29
3086.92	7590.78
3087.35	7600.17
3087.79	7368.68
3088.22	7561.69
3088.65	7441.4
3089.08	7426.83
3089.51	7434.27
3089.94	7249.42
3090.38	7408.85
3090.81	7457.93
3091.24	7346.02
3091.67	7379.79
3092.1	7396.29
3092.53	7417.02
3092.96	7519.91
3093.39	7446.32
3093.82	7531.18
3094.26	7440.19
3094.69	7393.04
3095.12	7533.49
3095.55	7483.6
3095.98	7534
3096.41	7696.5
3096.84	7656.79
3097.27	7630.37
3097.7	7596.78
3098.13	7611.45
3098.56	7534.65
3099	7565.09
3099.43	7420.67
3099.86	7643.54
3100.29	7541.98
3100.72	7522.27
3101.15	7662.55
3101.58	7586.27
3102.01	7610.69
3102.44	7589.01
3102.87	7602.8
3103.3	7498.47
3103.73	7489.39
3104.16	7548.86
3104.59	7585.66
3105.02	7477.02
3105.45	7659.56
3105.88	7535.83
3106.31	7526.84
3106.74	7557.75
3107.17	7557.35
3107.6	7556.67
3108.03	7545.05
3108.46	7568.93
3108.89	7504.53
3109.32	7482.34
3109.75	7572.31
3110.18	7609.43
3110.61	7690.9
3111.04	7431.65
3111.47	7706.67
3111.9	7765.99
3112.33	7665.27
3112.75	7519.16
3113.18	7414.99
3113.61	7449.07
3114.04	7544.64
3114.47	7610.83
3114.9	7670.52
3115.33	7578.94
3115.76	7702.8
3116.19	7626.52
3116.62	7522.33
3117.05	7641.82
3117.48	7654.14
3117.9	7512.09
3118.33	7674.74
3118.76	7692.7
3119.19	7724.16
3119.62	7732.71
3120.05	7646.55
3120.48	7534.31
3120.91	7664.14
3121.33	7477.59
3121.76	7486.03
3122.19	7521.51
3122.62	7558.75
3123.05	7483.29
3123.48	7570.38
3123.9	7475.58
3124.33	7529.25
3124.76	7487.88
3125.19	7544.75
3125.62	7617.5
3126.05	7524.55
3126.47	7577.83
3126.9	7517.68
3127.33	7549.92
3127.76	7634.41
3128.18	7407.37
3128.61	7615.9
3129.04	7745.97
3129.47	7665.59
3129.9	7542.25
3130.32	7536.89
3130.75	7566.04
3131.18	7603.83
3131.61	7669.97
3132.03	7655.7
3132.46	7662.65
3132.89	7665.13
3133.32	7683.39
3133.74	7628.32
3134.17	7691.95
3134.6	7546.61
3135.03	7647.41
3135.45	7627.76
3135.88	7689.36
3136.31	7523.26
3136.74	7509.24
3137.16	7550.85
3137.59	7674.78
3138.02	7561.49
3138.44	7576.54
3138.87	7694.39
3139.3	7656.88
3139.72	7664.52
3140.15	7664.85
3140.58	7763.61
3141	7717.47
3141.43	7611.84
3141.86	7635.01
3142.28	7717.21
3142.71	7784.58
3143.14	7776.1
3143.56	7690.22
3143.99	7712.72
3144.42	7682.41
3144.84	7633.07
3145.27	7631.62
3145.69	7692.89
3146.12	7690.14
3146.55	7541.78
3146.97	7517.29
3147.4	7673.84
3147.83	7590.39
3148.25	7651.76
3148.68	7702.27
3149.1	7671.6
3149.53	7610.65
3149.95	7656.54
3150.38	7698.02
3150.81	7450.71
3151.23	7401.02
3151.66	7634.41
3152.08	7632.02
3152.51	7662.51
3152.94	7650.51
3153.36	7636.08
3153.79	7789.59
3154.21	7582
3154.36	7676
3154.79	7688
3155.22	7712
3155.66	7661
3156.09	7660
3156.52	7726
3156.95	7849
3157.39	7869
3157.82	7789
3158.25	7621
3158.68	7755
3159.11	7608
3159.55	7776
3159.98	7567
3160.41	7500
3160.84	7574
3161.27	7604
3161.7	7756
3162.14	7603
3162.57	7449
3163	7675
3163.43	7552
3163.86	7617
3164.29	7528
3164.73	7588
3165.16	7532
3165.59	7605
3166.02	7666
3166.45	7726
3166.88	7627
3167.31	7790
3167.75	7635
3168.18	7669
3168.61	7720
3169.04	7698
3169.47	7697
3169.9	7796
3170.33	7722
3170.76	7726
3171.2	7873
3171.63	7699
3172.06	7797
3172.49	7870
3172.92	7768
3173.35	7823
3173.78	7628
3174.21	7642
3174.64	7799
3175.07	7458
3175.5	7687
3175.93	7830
3176.36	7821
3176.79	7876
3177.22	7700
3177.65	7794
3178.08	7534
3178.51	7654
3178.94	7759
3179.37	7620
3179.81	7700
3180.24	7637
3180.66	7699
3181.1	7742
3181.53	7737
3181.95	7672
3182.39	7616
3182.81	7615
3183.24	7618
3183.68	7831
3184.1	7737
3184.53	7772
3184.96	7723
3185.39	7761
3185.82	7704
3186.25	7684
3186.68	7786
3187.11	7553
3187.54	7804
3187.97	7628
3188.4	7790
3188.83	7603
3189.26	7730
3189.69	7726
3190.12	7722
3190.55	7595
3190.98	7822
3191.4	7846
3191.83	7835
3192.26	7796
3192.69	7644
3193.12	7649
3193.55	7789
3193.98	7757
3194.41	7782
3194.84	7724
3195.26	7636
3195.69	7652
3196.12	7795
3196.55	7708
3196.98	7698
3197.41	7859
3197.84	7775
3198.26	7803
3198.69	7773
3199.12	7647
3199.55	7818
3199.98	7877
3200.41	7927
3200.83	7805
3201.26	7826
3201.69	7890
3202.12	7682
3202.55	7684
3202.98	7805
3203.4	7660
3203.83	7741
3204.26	7856
3204.69	7696
3205.11	7686
3205.54	7706
3205.97	7464
3206.4	7735.62
3206.82	7734.4
3207.25	7733.99
3207.68	7733.65
3208.11	7735.01
3208.54	7735.96
3208.96	7476
3209.39	7521
3209.82	7572
3210.25	7766
3210.67	7726
3211.1	7748
3211.53	7824
3211.95	7712
3212.38	7662
3212.81	7857
3213.24	7738
3213.66	7770
3214.09	7748
3214.52	7927
3214.94	7736
3215.37	7739
3215.8	7701
3216.22	7693
3216.65	7864
3217.08	7780
3217.5	7699
3217.93	7842
3218.36	7891
3218.78	7689
3219.21	7755
3219.64	7807
3220.06	7829
3220.49	7907
3220.92	7674
3221.34	7717
3221.77	7589
3222.2	7838
3222.62	7748
3223.05	7644
3223.47	7739
3223.9	7914
3224.33	7822
3224.75	7864
3225.18	7691
3225.6	7733
3226.03	7878
3226.46	7729
3226.88	7716
3227.31	7856
3227.73	7782
3228.16	7777
3228.58	7797
3229.01	7846
3229.44	7905
3229.86	7597
3230.29	7791
3230.71	7882
3231.14	7680
3231.56	7714
3231.99	7811
3232.41	7794
3232.84	7915
3233.26	7835
3233.69	7832
3234.11	7860
3234.54	7755
3234.96	7735
3235.39	7768
3235.81	7861
3236.24	7812
3236.67	7670
3237.09	7745
3237.51	7840
3237.94	7826
3238.36	7908
3238.79	7968
3239.21	7827
3239.64	7814
3240.06	7589
3240.49	7676
3240.91	7795
3241.34	7756
3241.76	7835
3242.19	7846
3242.61	7786
3243.03	7734
3243.46	7720
3243.88	7913
3244.31	7786
3244.73	7801
3245.16	7954
3245.58	7623
3246	7775
3246.43	7890
3246.85	8106
3247.27	7858
3247.7	7796
3248.12	7968
3248.55	7866
3248.97	7693
3249.39	7822
3249.82	7763
3250.24	7800
3250.66	7677
3251.09	7752
3251.51	7771
3251.94	7800
3252.36	7890
3252.78	7891
3253.21	7860
3253.63	7729
3254.05	7877
3254.48	7710
3254.9	7770
3255.32	7762
3255.75	7822
3256.17	7806
3256.59	7788
3257.02	7798
3257.44	7966
3257.86	7768
3258.28	7711
3258.71	7761
3259.13	7713
3259.55	7775
3259.98	7804
3260.4	7780
3260.82	7888
3261.24	7754
3261.67	7826
3262.09	7914
3262.51	7912
3262.93	7932
3263.36	7888
3263.78	7792
3264.2	7712
3264.62	7863
3265.05	7600
3265.47	7898
3265.89	7813
3266.31	7837
3266.74	7768
3267.16	7753
3267.58	7809
3268	7725
3268.42	7766
3268.85	7767
3269.27	7734
3269.69	7727
3270.11	7732
3270.53	7869
3270.95	7871
3271.38	8000
3271.8	7781
3272.22	7894
3272.64	7918
3273.06	7843
3273.49	7762
3273.91	7798
3274.33	7760
3274.75	7916
3275.17	7776
3275.59	7793
3276.01	7834
3276.43	7807
3276.86	7729
3277.28	7676
3277.7	7799
3278.12	7859
3278.54	7712
3278.96	7790
3279.38	7872
3279.8	7590
3280.22	7749
3280.64	7928
3281.07	7787.97
3281.49	7920
3281.91	7832
3282.33	7785
3282.75	7739
3283.17	7850
3283.59	7726
3284.01	7749
3284.43	7792
3284.85	7819
3285.27	7772
3285.69	7788
3286.11	7853
3286.53	7888
3286.95	7676
3287.37	7759
3287.79	7790
3288.22	7691
3288.64	7688
3289.06	7824
3289.48	7772
3289.9	7808
3290.32	7710
3290.74	7691
3291.16	7632
3291.58	7781.13
3292	7780.15
3292.42	7780.71
3292.83	7661
3293.25	7566
3293.67	7781.15
3294.09	7682
3294.51	7658
3294.93	7817
3295.35	7677
3295.77	7691
3296.19	7858
3296.61	7671
3297.03	7714
3297.45	7930
3297.87	7743
3298.29	7762
3298.71	7902
3299.13	7867
3299.55	7904
3299.96	7881
3300.38	7880
3300.8	7960
3301.22	7628
3301.64	7836
3302.06	7764
3302.48	7869
3302.9	7780
3303.32	7830
3303.73	7693
3304.15	7761
3304.57	7901
3304.99	7800
3305.41	7798
3305.83	7876
3306.25	7737
3306.66	7786
3307.08	7746
3307.5	7759
3307.92	7856
3308.34	7838
3308.76	7954
3309.17	7808
3309.59	7730
3310.01	7882
3310.43	7599
3310.85	7762
3311.27	7729
3311.68	7822
3312.1	7737
3312.52	7857
3312.94	7892
3313.36	7825
3313.77	7865
3314.19	7931
3314.61	7823
3315.03	7778
3315.44	7838
3315.86	7950
3316.28	7777
3316.7	7684
3317.11	7701
3317.53	7804
3317.95	7814
3318.37	7909
3318.78	7847
3319.2	7799
3319.62	7692
3320.04	7602
3320.45	7668
3320.87	7749
3321.29	7786
3321.7	7793
3322.12	7852
3322.54	7719
3322.96	7821
3323.37	7806
3323.79	7673
3324.21	7847
3324.62	7712
3325.04	7659
3325.46	7660
3325.87	7782
3326.29	7727
3326.71	7906
3327.12	7670
3327.54	7770
3327.96	7740
3328.37	7834
3328.79	7650
3329.21	7824
3329.62	7766
3330.04	7844
3330.45	7728
3330.87	7702
3331.29	7820
3331.7	7851
3332.12	7901
3332.54	7931
3332.95	7779
3333.37	7738
3333.78	7760
3334.2	7796
3334.61	7763.65
3335.03	7833.53
3335.45	7751.92
3335.86	7744.6
3336.28	7834.76
3336.69	7651.08
3337.11	7769.11
3337.53	7758.09
3337.94	7853.61
3338.36	7642.83
3338.77	7713.94
3339.19	7801.37
3339.6	7762.01
3340.02	7668.68
3340.43	7820.35
3340.85	7937.51
3341.27	7887.07
3341.68	7913.19
3342.1	7810.91
3342.51	7820.46
3342.93	7815.12
3343.34	7786.67
3343.75	7653.45
3344.17	7582.76
3344.59	7600.61
3345	7680.28
3345.42	7774.49
3345.83	7676.31
3346.25	7707.18
3346.66	7659.99
3347.07	7863.28
3347.49	7771.73
3347.9	7886.36
3348.32	7716.35
3348.73	7595.64
3349.15	7772.86
3349.56	7719.94
3349.98	7821.25
3350.39	7761.84
3350.8	7741.46
3351.22	7830.78
3351.63	7724.66
3352.05	7540.9
3352.46	7709.16
3352.88	7670.56
3353.29	7713.96
3353.71	7628.24
3354.12	7669.94
3354.53	7766.29
3354.95	7812.55
3355.36	7853.46
3355.78	7843.78
3356.19	7912.7
3356.6	7820.88
3357.02	7869.38
3357.43	7747.23
3357.84	7771.54
3358.26	7816.65
3358.67	7753.42
3359.09	7758.66
3359.5	7746.79
3359.91	7821.81
3360.33	7870.93
3360.74	7853.64
3361.15	7796.6
3361.57	7775.85
3361.98	7740.16
3362.39	7757.93
3362.81	7780.47
3363.22	7702.59
3363.63	7724.05
3364.05	7838.99
3364.46	7833.51
3364.87	7827.64
3365.29	7782.88
3365.7	7772.17
3366.11	7909.28
3366.52	7826.35
3366.94	7701.66
3367.35	7843.32
3367.76	7877.21
3368.18	7763.75
3368.59	7751.66
3369	7780.77
3369.41	7852.1
3369.83	7816.94
3370.24	7803.53
3370.65	7818.75
3371.07	7772.32
3371.48	7762.87
3371.89	7733.54
3372.3	7877.06
3372.71	7693.63
3373.13	7704.76
3373.54	7760.23
3373.95	7789.2
3374.36	7762.36
3374.78	7809.03
3375.19	7732.94
3375.6	7744.71
3376.01	7703.18
3376.42	7694.35
3376.84	7573.73
3377.25	7578.15
3377.66	7572.1
3378.07	7738.81
3378.48	7624.64
3378.9	7899.68
3379.31	7735.76
3379.72	7818
3380.13	7734.62
3380.54	7917.75
3380.95	7733.54
3381.37	7844.77
3381.78	7848.47
3382.19	7853.43
3382.6	7842.04
3383.01	7769.61
3383.42	7801.7
3383.83	7817.32
3384.25	7799
3384.66	7873.31
3385.07	7833.35
3385.48	7861.01
3385.89	7806.78
3386.3	7621.48
3386.71	7614.73
3387.12	7653.65
3387.53	7812.64
3387.94	7865.91
3388.36	7855.36
3388.77	7675.56
3389.18	7846.79
3389.59	7741.03
3390	7820.33
3390.41	7849.45
3390.82	7780.34
3391.23	7739.66
3391.64	7818.45
3392.05	7791.05
3392.46	7784.31
3392.87	7826.44
3393.28	7872.82
3393.69	7833.28
3394.1	7852.57
3394.51	7803
3394.93	7790.02
3395.34	7732.59
3395.75	7724.87
3396.16	7683.78
3396.57	7584.19
3396.98	7527.95
3397.39	7548.05
3397.8	7685.89
3398.21	7694.95
3398.62	7777.24
3399.03	7773.39
3399.44	7684.07
3399.85	7767.27
3400.26	7710.43
3400.67	7751.05
3401.07	7710.23
3401.49	7793.42
3401.9	7824.63
3402.3	7823.65
3402.71	7824.4
3403.12	7768.01
3403.53	7786.5
3403.94	7812.39
3404.35	7934.93
3404.76	7836.01
3405.17	7858.16
3405.58	7854.82
3405.99	7759.67
3406.4	7924.65
3406.81	7855.22
3407.22	7833.94
3407.63	7794.55
3408.04	7905.47
3408.44	7824.78
3408.85	7923.79
3409.26	7898.26
3409.67	7806.6
3410.08	7871.95
3410.49	7841.71
3410.9	7657.6
3411.31	7886.66
3411.72	7764.2
3412.12	7892.27
3412.53	8016.01
3412.94	7959.76
3413.35	7827.59
3413.76	7834.65
3414.17	7842.25
3414.58	7870.63
3414.98	7721.97
3415.39	7733.71
3415.8	7917.11
3416.21	7881.43
3416.62	7973.96
3417.03	7868.37
3417.43	7831.88
3417.84	7846.07
3418.25	7872.69
3418.66	7865.58
3419.07	7880.46
3419.47	7781.06
3419.88	7784.18
3420.29	7836.47
3420.7	7830
3421.11	7871.66
3421.51	7987.74
3421.92	7861.81
3422.33	7882.55
3422.74	7893.8
3423.14	7945.09
3423.55	7716.12
3423.96	7871.94
3424.37	7884.64
3424.77	7737.43
3425.18	7803.2
3425.59	7750.29
3426	7776.79
3426.41	7879.85
3426.81	7889.71
3427.22	7930.38
3427.63	7780.34
3428.03	7866.12
3428.44	7756.93
3428.85	7787.31
3429.26	7731.87
3429.66	7916.85
3430.07	7892.82
3430.48	7788.44
3430.88	7813.59
3431.29	7906.03
3431.7	7903.24
3432.1	8024.74
3432.51	7915.81
3432.92	7947.44
3433.33	7864.57
3433.73	7685.9
3434.14	7791.87
3434.54	7847.49
3434.95	7941.76
3435.36	7866.98
3435.76	7849.83
3436.17	7937.33
3436.58	8005.99
3436.98	7930.35
3437.39	7944.53
3437.8	7860.38
3438.2	7828.38
3438.61	7786.16
3439.02	7887.25
3439.42	7899.23
3439.83	7889.97
3440.23	7885.3
3440.64	7893.72
3441.04	7897.53
3441.45	7853.79
3441.86	7892.74
3442.26	7858.59
3442.67	7965.87
3443.07	7822.2
3443.48	7842.38
3443.89	7948.63
3444.29	7826.81
3444.7	7858.61
3445.1	7872.67
3445.51	7939.32
3445.92	8024.9
3446.32	7995.74
3446.72	8080.34
3447.13	7983.54
3447.54	8025.32
3447.94	7992.79
3448.35	8081.19
3448.75	7965.32
3449.16	7947.82
3449.56	8052.28
3449.97	7917.19
3450.37	7935.91
3450.78	7943.97
3451.18	7956.28
3451.59	7976.78
3451.99	7875.37
3452.4	7898.81
3452.8	8068.34
3453.21	7846.73
3453.61	7905.56
3454.02	7897.67
3454.42	7928.49
3454.83	8027.41
3455.23	8086.17
3455.64	7905.77
3456.04	7963.16
3456.45	8068.02
3456.85	7818.64
3457.25	7863.3
3457.52	7984.3
3457.93	8092.3
3458.34	8074.3
3458.75	7998.3
3459.17	8095.3
3459.58	8176.3
3459.99	8053.3
3460.4	8059.3
3460.81	8107.3
3461.22	8060.3
3461.63	7974.3
3462.04	7988.3
3462.45	8033.3
3462.86	7856.3
3463.28	7946.3
3463.69	8003.3
3464.1	7928.3
3464.51	7879.3
3464.92	7999.3
3465.33	7906.3
3465.74	8001.97
3466.15	8004.17
3466.56	8004.2
3466.97	8007.77
3467.38	8009.05
3467.79	7920.3
3468.2	7948.3
3468.61	8004.3
3469.02	8033.3
3469.43	7973.3
3469.84	8066.3
3470.25	8209.3
3470.66	8145.3
3471.07	8056.3
3471.48	7879.3
3471.89	7973.3
3472.3	8009.3
3472.71	8145.3
3473.12	8108.3
3473.53	8019.3
3473.94	8153.3
3474.35	8167.3
3474.76	7992.3
3475.17	8024.3
3475.58	7895.3
3475.99	8077.3
3476.4	8044.3
3476.81	8146.3
3477.22	8028.3
3477.63	8073.3
3478.04	8040.3
3478.45	8200.3
3478.86	8076.3
3479.27	8109.3
3479.68	8098.3
3480.09	7966.3
3480.5	7999.3
3480.91	8236.3
3481.31	8016.3
3481.72	8112.3
3482.13	8064.3
3482.54	8152.3
3482.95	8080.3
3483.36	8055.3
3483.77	8106.3
3484.18	8193.3
3484.59	8063.3
3484.99	8136.3
3485.4	8074.3
3485.81	8025.3
3486.22	8027.3
3486.63	8024.3
3487.04	8006.3
3487.45	8148.3
3487.86	8150.3
3488.26	8061.3
3488.67	8359.3
3489.08	8107.3
3489.49	8043.3
3489.9	8030.3
3490.31	8108.3
3490.72	8045.3
3491.12	8166.3
3491.53	8156.3
3491.94	8085.3
3492.35	8161.3
3492.76	8154.3
3493.16	8048.3
3493.57	8185.3
3493.98	8290.3
3494.39	8127.3
3494.8	7996.3
3495.2	8343.3
3495.61	8190.3
3496.02	8028.3
3496.43	8054.3
3496.83	8223.3
3497.24	8069.3
3497.65	8230.3
3498.06	8231.3
3498.47	8234.3
3498.87	8192.3
3499.28	8203.3
3499.69	8198.3
3500.1	8124.3
3500.5	8222.3
3500.91	8204.3
3501.32	8095.3
3501.73	8244.3
3502.13	8197.3
3502.54	8081.3
3502.95	8024.3
3503.36	8284.3
3503.76	8219.3
3504.17	8104.3
3504.58	8175.3
3504.98	8057.3
3505.39	8162.3
3505.8	8097.3
3506.2	7965.3
3506.61	7981.3
3507.02	8161.45
3507.43	8162.4
3507.83	8166.39
3508.24	8167.73
3508.65	8169.34
3509.05	8171.13
3509.46	8173.13
3509.87	8176.08
3510.27	7957.3
3510.68	8063.3
3511.08	8155.3
3511.49	8372.3
3511.9	8194.3
3512.3	8222.3
3512.71	8271.3
3513.12	8316.3
3513.52	8107.3
3513.93	8033.3
3514.33	8200.3
3514.74	8279.3
3515.15	7976.3
3515.55	8205.3
3515.96	8041.3
3516.37	8316.3
3516.77	8366.3
3517.18	8148.3
3517.58	8347.3
3517.99	8302.3
3518.39	8110.3
3518.8	8144.3
3519.21	8298.3
3519.61	8211.3
3520.02	8259.3
3520.42	8328.3
3520.83	8364.3
3521.23	8357.3
3521.64	7978.3
3522.05	8251.3
3522.45	8250.3
3522.86	8275.3
3523.26	8218.3
3523.67	8189.3
3524.07	8175.3
3524.48	8187.3
3524.88	8092.3
3525.29	8201.3
3525.69	8212.3
3526.1	8402.3
3526.5	8374.3
3526.91	8325.3
3527.31	8180.3
3527.72	8255.3
3528.12	8320.3
3528.53	8190.3
3528.93	8124.3
3529.34	8282.3
3529.74	8268.3
3530.15	8349.3
3530.55	8363.3
3530.96	8289.3
3531.36	8290.3
3531.77	8334.3
3532.17	8146.3
3532.58	8091.3
3532.98	8215.3
3533.38	8304.3
3533.79	8193.3
3534.19	8100.3
3534.6	8265.3
3535	8376.3
3535.41	8084.3
3535.81	8427.3
3536.21	8334.3
3536.62	8372.3
3537.02	8395.3
3537.43	8341.3
3537.83	8303.3
3538.23	8423.3
3538.64	8370.3
3539.04	8268.3
3539.45	8269.3
3539.85	8507.3
3540.25	8418.3
3540.66	8311.3
3541.06	8406.3
3541.46	8403.3
3541.87	8396.3
3542.27	8354.3
3542.68	8418.3
3543.08	8314.3
3543.48	8378.3
3543.89	8315.3
3544.29	8238.3
3544.69	8282.3
3545.1	8329.3
3545.5	8528.3
3545.9	8440.3
3546.31	8383.3
3546.71	8338.3
3547.11	8324.3
3547.52	8347.3
3547.92	8339.3
3548.32	8338.3
3548.73	8439.3
3549.13	8443.3
3549.53	8446.3
3549.93	8512.3
3550.34	8422.3
3550.74	8308.3
3551.14	8348.3
3551.55	8510.3
3551.95	8379.3
3552.35	8349.3
3552.75	8302.3
3553.16	8461.3
3553.56	8399.3
3553.96	8158.3
3554.36	8296.3
3554.77	8491.3
3555.17	8458.3
3555.57	8483.3
3555.97	8354.3
3556.38	8290.3
3556.78	8329.3
3557.18	8391.3
3557.58	8333.3
3557.98	8431.3
3558.39	8365.3
3558.79	8496.3
3559.19	8421.3
3559.59	8456.3
3559.99	8463.3
3560.4	8437.3
3560.8	8424.3
3561.2	8443.3
3561.6	8371.3
3562.01	8277.3
3562.41	8516.3
3562.81	8483.3
3563.21	8438.3
3563.61	8487.3
3564.01	8363.3
3564.41	8443.3
3564.82	8393.3
3565.22	8421.3
3565.62	8311.3
3566.02	8402.3
3566.42	8359.3
3566.82	8364.3
3567.23	8446.3
3567.63	8471.3
3568.03	8512.3
3568.43	8459.3
3568.83	8619.3
3569.23	8493.3
3569.63	8466.3
3570.03	8416.3
3570.44	8421.3
3570.84	8430.3
3571.24	8399.3
3571.64	8557.3
3572.04	8348.3
3572.44	8465.3
3572.84	8559.3
3573.24	8469.3
3573.64	8341.3
3574.04	8416.3
3574.44	8469.3
3574.84	8392.3
3575.25	8429.3
3575.64	8450.3
3576.05	8432.3
3576.45	8345.3
3576.85	8377.3
3577.25	8527.3
3577.65	8451.3
3578.05	8495.3
3578.45	8347.3
3578.85	8357.3
3579.25	8512.3
3579.65	8343.3
3580.05	8436.3
3580.45	8451.3
3580.85	8343.3
3581.25	8277.61
3581.65	8373.3
3582.05	8473.3
3582.45	8521.3
3582.85	8500.3
3583.25	8446.3
3583.65	8471.3
3584.05	8492.3
3584.45	8298.3
3584.85	8217.3
3585.25	8316.3
3585.65	8273.3
3586.05	8441.3
3586.45	8445.3
3586.85	8407.3
3587.25	8324.3
3587.65	8263.3
3588.05	8197.3
3588.44	8232.3
3588.84	8161.3
3589.24	8116.3
3589.64	8141.3
3590.04	8008.3
3590.44	8108.3
3590.84	7973.3
3591.24	8199.3
3591.64	8255.3
3592.04	8200.3
3592.44	8416.3
3592.84	8329.3
3593.24	8388.3
3593.63	8289.3
3594.03	8302.3
3594.43	8019.3
3594.83	8292.3
3595.23	8253.3
3595.63	8220.3
3596.03	8244.3
3596.43	8255.3
3596.82	8343.3
3597.22	8198.3
3597.62	8105.3
3598.02	8193.3
3598.42	8290.3
3598.82	8158.3
3599.21	8098.3
3599.61	8121.3
3600.01	8074.3
3600.41	8215.3
3600.81	8110.3
3601.21	8231.3
3601.6	8132.3
3602	8248.3
3602.4	8103.3
3602.8	7888.3
3603.2	7966.3
3603.6	8058.3
3603.99	7960.3
3604.39	7921.3
3604.79	7971.3
3605.19	7905.3
3605.58	7889.3
3605.98	7948.3
3606.38	7960.3
3606.78	8012.3
3607.18	8130.3
3607.57	7962.3
3607.97	7799.3
3608.37	7875.3
3608.77	7958.3
3609.16	7833.3
3609.56	7924.3
3609.96	8040.3
3610.36	7900.3
3610.75	8076.3
3611.15	8017.3
3611.55	8052.3
3611.95	8128.3
3612.34	8016.3
3612.74	7852.3
3613.14	7860.3
3613.53	7941.3
3613.93	7896.3
3614.33	7874.3
3614.72	7784.3
3615.12	8017.3
3615.52	7945.3
3615.92	7912.3
3616.31	7890.3
3616.71	7855.3
3617.11	7911.3
3617.5	7848.3
3617.9	7798.3
3618.3	7817.3
3618.69	7882.3
3619.09	7829.3
3619.49	7891.3
3619.88	7965.3
3620.28	7858.3
3620.68	7896.3
3621.07	7828.3
3621.47	8021.3
3621.86	7838.3
3622.26	7797.3
3622.66	7759.3
3623.05	7817.3
3623.45	7857.3
3623.84	7719.3
3624.24	7736.3
3624.64	7813.3
3625.03	7900.3
3625.43	7696.3
3625.83	7716.3
3626.22	7982.3
3626.62	7694.3
3627.01	7825.3
3627.41	7758.3
3627.81	7810.3
3628.2	7734.3
3628.6	7710.14
3628.99	7885.54
3629.39	7751.77
3629.78	7811.15
3630.18	7864.92
3630.57	7773.12
3630.97	7731.58
3631.37	7683.41
3631.76	7759.18
3632.16	7641.14
3632.55	7713.43
3632.95	7696.7
3633.34	7715.33
3633.74	7710.53
3634.13	7791.48
3634.53	7549.29
3634.92	7724.36
3635.32	7653.17
3635.71	7732.56
3636.11	7645.19
3636.5	7730.87
3636.9	7605.27
3637.29	7617.01
3637.69	7546.02
3638.08	7513.92
3638.48	7510.55
3638.87	7637.77
3639.27	7427.72
3639.66	7617.53
3640.06	7582.77
3640.45	7498.99
3640.85	7545.13
3641.24	7594.74
3641.63	7486.36
3642.03	7537.51
3642.42	7640.38
3642.82	7509.5
3643.21	7585.22
3643.61	7625.9
3644	7467.29
3644.4	7621.31
3644.79	7509.52
3645.18	7538.62
3645.58	7588.53
3645.97	7446.15
3646.37	7457.18
3646.76	7466.3
3647.15	7428.92
3647.55	7450.66
3647.94	7488.55
3648.34	7579.17
3648.73	7596.73
3649.12	7621.33
3649.52	7521.17
3649.91	7532.46
3650.3	7599.95
3650.7	7523.16
3651.09	7445.16
3651.49	7491.06
3651.88	7463.16
3652.27	7467.01
3652.67	7524.55
3653.06	7572.27
3653.45	7505.39
3653.85	7463
3654.24	7323.27
3654.63	7309.76
3655.03	7443.97
3655.42	7435.73
3655.81	7326.59
3656.21	7316.94
3656.6	7376.82
3656.99	7425.23
3657.39	7435.31
3657.78	7365.27
3658.17	7446.77
3658.56	7391.44
3658.96	7444.07
3659.35	7471.2
3659.74	7384.88
3660.14	7417.14
3660.53	7312.69
3660.92	7338.53
3661.31	7351.58
3661.71	7355.69
3662.1	7311.05
3662.49	7316.78
3662.89	7330.64
3663.28	7266.86
3663.67	7315.05
3664.06	7333.71
3664.46	7277.31
3664.85	7191.33
3665.24	7215.23
3665.63	7254.41
3666.02	7200.04
3666.42	7308.03
3666.81	7203.38
3667.2	7258.52
3667.59	7271.67
3667.99	7264.72
3668.38	7267.24
3668.77	7257.49
3669.16	7203.33
3669.55	7113.93
3669.95	7203.65
3670.34	7149.35
3670.73	7219.77
3671.12	7304.77
3671.51	7209.26
3671.9	7285.89
3672.3	7376.71
3672.69	7258.52
3673.08	7266.95
3673.47	7185.81
3673.86	7108.61
3674.25	7158.44
3674.65	7217.8
3675.04	7191.61
3675.43	7142.33
3675.82	7384.6
3676.21	7159.01
3676.6	7187.13
3676.99	7254.33
3677.38	7264.86
3677.78	7273.43
3678.17	7215.25
3678.56	7192.76
3678.95	7204.34
3679.34	7147.32
3679.73	7190.13
3680.12	7074.42
3680.51	7197.6
3680.9	7152.42
3681.29	7182.8
3681.69	7149.79
3682.08	7123.6
3682.47	7108.11
3682.86	7105.96
3683.25	7099.89
3683.64	7150.94
3684.03	7204.91
3684.42	7087.64
3684.81	7084.85
3685.2	7118.02
3685.59	7050.52
3685.98	7013.83
3686.37	7176.14
3686.76	7065.27
3687.15	7011.48
3687.54	7052.98
3687.93	7020.14
3688.32	6925.66
3688.71	6932.52
3689.1	6990.19
3689.49	6909.86
3689.89	7008.28
3690.27	6936.51
3690.66	7046.83
3691.05	6974.43
3691.44	7054.35
3691.83	7165.08
3692.22	7085.22
3692.61	7123.33
3693	7024.42
3693.39	7059.71
3693.78	7059.9
3694.17	7044.04
3694.56	6960.23
3694.95	7076.69
3695.34	7061.35
3695.73	7085.23
3696.12	7138.75
3696.51	7165.21
3696.9	7169.51
3697.29	7046.52
3697.68	6979.91
3698.07	7023.62
3698.46	6902.59
3698.85	7085.58
3699.24	7128.95
3699.62	7026.31
3700.01	7000.99
3700.4	7104.22
3700.79	7038.05
3701.18	6912.07
3701.57	7028.83
3701.96	6979.7
3702.35	7098.73
3702.74	7046.41
3703.12	7001.46
3703.51	6983.39
3703.9	6975.07
3704.29	6899.75
3704.68	7013.02
3705.07	7090.79
3705.46	7077.19
3705.85	7062.95
3706.23	7082.05
3706.62	7024.97
3707.01	6993.56
3707.4	6933.38
3707.79	6986.84
3708.18	7124.54
3708.57	6947.77
3708.95	6899.57
3709.34	6943.35
3709.73	6965.69
3710.12	6998.58
3710.51	7074.54
3710.89	7051.64
3711.28	7058.91
3711.67	7045.68
3712.06	6939.96
3712.45	6927.12
3712.83	7034.18
3713.22	6916.84
3713.61	6934.74
3714	6937.29
3714.39	6907.66
3714.77	7029.31
3715.16	6965.11
3715.55	6916.16
3715.94	6963.63
3716.32	6964.38
3716.71	6832.06
3717.1	6879.52
3717.49	6881.24
3717.88	6976.03
3718.26	6871.57
3718.65	6904.35
3719.04	6939.19
3719.42	7049.68
3719.81	6947.27
3720.2	6963.88
3720.59	7078.8
3720.97	7022.06
3721.36	6968.32
3721.75	6995.18
3722.14	6934.32
3722.52	6907.77
3722.91	6910.05
3723.3	6936.08
3723.68	6826.51
3724.07	6865.02
3724.46	7016.32
3724.84	6907.27
3725.23	6949.34
3725.62	7040.81
3726	6969.51
3726.39	7041.77
3726.78	7051.51
3727.16	6963.32
3727.55	6803.95
3727.94	6928.42
3728.32	6848.54
3728.71	7018.62
3729.1	6932.71
3729.48	6992.93
3729.87	6879
3730.25	6854.56
3730.64	6951.26
3731.03	6928.75
3731.41	7002.15
3731.8	6968.81
3732.19	6958.38
3732.57	6803.07
3732.96	6903.46
3733.34	7040.15
3733.73	6936.24
3734.12	6964.38
3734.5	7013.98
3734.89	6984.66
3735.27	6873.01
3735.66	6762.51
3736.05	6941.29
3736.43	6925.09
3736.82	6930.52
3737.2	6940.74
3737.59	6879.4
3737.97	7024.37
3738.36	6957.8
3738.75	6793.43
3739.13	6938.75
3739.51	6962.68
3739.9	7038
3740.29	6820.75
3740.67	6960.85
3741.06	6924.19
3741.44	6961.79
3741.83	6814.31
3742.21	6935.09
3742.6	7018.48
3742.98	7019.43
3743.37	7029.61
3743.75	6885.91
3744.14	6907.4
3744.52	6992.79
3744.91	6939.47
3745.29	6780.49
3745.68	6834.39
3745.73	6965.39
3746.12	6816.39
3746.52	6860.39
3746.91	6933.39
3747.3	6929.39
3747.69	6971.39
3748.08	6988.39
3748.47	7021.39
3748.86	7082.39
3749.26	7020.39
3749.65	6805.39
3750.04	6815.39
3750.43	6806.39
3750.82	7004.39
3751.21	6834.39
3751.6	6746.39
3751.99	6754.39
3752.39	6915.39
3752.78	6739.39
3753.17	6580.39
3753.56	6677.39
3753.95	6720.39
3754.34	6843.06
3754.73	6840.12
3755.12	6661.39
3755.51	6732.39
3755.9	6800.39
3756.29	6627.39
3756.68	6637.39
3757.07	6846.39
3757.47	6846.39
3757.86	6620.39
3758.25	6750.39
3758.64	7011.39
3759.03	6914.39
3759.42	6875.39
3759.81	6886.39
3760.2	6912.39
3760.59	6853.39
3760.98	6724.39
3761.37	6848.39
3761.76	6858.39
3762.15	6712.39
3762.54	6871.39
3762.93	6831.39
3763.32	6709.39
3763.71	6706.39
3764.1	6807.39
3764.49	6845.39
3764.88	6778.39
3765.27	6635.39
3765.66	6661.39
3766.05	6748.39
3766.44	6821.39
3766.83	6859.39
3767.22	6767.39
3767.61	6859.39
3768	6772.39
3768.39	6864.39
3768.77	6847.39
3769.16	6686.39
3769.55	6790.39
3769.94	6727.39
3770.33	6742.39
3770.72	6733.39
3771.11	6791.39
3771.5	6727.39
3771.89	6630.39
3772.28	6765.39
3772.67	6734.39
3773.06	6761.39
3773.45	6826.39
3773.84	6683.39
3774.23	6782.39
3774.61	6715.39
3775	6758.39
3775.39	6740.39
3775.78	6826.39
3776.17	6785.39
3776.56	6826.39
3776.95	6731.39
3777.34	6842.39
3777.72	6795.39
3778.11	6807.39
3778.5	6791.39
3778.89	6677.39
3779.28	6868.39
3779.67	6835.39
3780.06	6626.39
3780.44	6721.39
3780.83	6763.39
3781.22	6679.39
3781.61	6755.39
3782	6714.39
3782.39	6843.39
3782.77	6829.39
3783.16	6665.39
3783.55	6765.39
3783.94	6719.39
3784.33	6545.39
3784.72	6817.39
3785.1	6632.39
3785.49	6662.39
3785.88	6803.39
3786.27	6875.39
3786.66	6866.39
3787.04	6897.39
3787.43	6822.39
3787.82	6799.39
3788.21	6678.39
3788.59	6666.39
3788.98	6711.39
3789.37	6731.39
3789.76	6693.39
3790.14	6771.39
3790.53	6806.39
3790.92	6733.39
3791.31	6634.39
3791.7	6665.39
3792.08	6620.39
3792.47	6726.81
3792.86	6724.94
3793.24	6723.77
3793.63	6721.89
3794.02	6720.32
3794.41	6719.82
3794.79	6718.79
3795.18	6718.96
3795.57	6716.99
3795.95	6716.64
3796.34	6669.39
3796.73	6714.39
3797.12	6777.39
3797.5	6696.39
3797.89	6713.39
3798.28	6773.39
3798.66	6845.39
3799.05	6761.39
3799.44	6757.39
3799.82	6829.39
3800.21	6829.39
3800.6	6777.39
3800.98	6737.39
3801.37	6716.39
3801.76	6827.39
3802.14	6735.39
3802.53	6734.39
3802.91	6757.39
3803.3	6625.39
3803.69	6683.39
3804.08	6625.39
3804.46	6668.39
3804.85	6639.39
3805.23	6821.39
3805.62	6683.39
3806.01	6739.39
3806.39	6714.39
3806.78	6757.39
3807.16	6700.11
3807.55	6641.39
3807.94	6688.39
3808.32	6537.39
3808.71	6717.39
3809.09	6761.39
3809.48	6739.39
3809.87	6741.39
3810.25	6721.39
3810.64	6771.39
3811.02	6759.39
3811.41	6678.39
3811.79	6675.39
3812.18	6599.39
3812.56	6721.39
3812.95	6617.39
3813.34	6681.39
3813.72	6790.39
3814.11	6733.39
3814.49	6713.39
3814.88	6705.39
3815.26	6688.39
3815.65	6696.39
3816.03	6718.39
3816.42	6592.39
3816.8	6737.39
3817.19	6708.39
3817.57	6679.39
3817.96	6697.39
3818.34	6724.39
3818.73	6583.39
3819.11	6683.39
3819.5	6811.39
3819.88	6658.39
3820.27	6832.39
3820.65	6870.39
3821.04	6738.39
3821.42	6775.39
3821.81	6773.39
3822.19	6709.39
3822.58	6659.39
3822.96	6645.39
3823.35	6714.39
3823.73	6710.39
3824.12	6677.39
3824.5	6662.39
3824.89	6696.39
3825.27	6638.39
3825.65	6763.39
3826.04	6622.39
3826.42	6641.39
3826.81	6642.39
3827.19	6604.39
3827.57	6585.39
3827.96	6824.39
3828.34	6649.39
3828.73	6701.39
3829.11	6726.39
3829.49	6751.39
3829.88	6755.39
3830.26	6609.39
3830.65	6601.39
3831.03	6664.39
3831.41	6699.39
3831.8	6708.39
3832.18	6579.39
3832.57	6672.39
3832.95	6650.39
3833.33	6728.39
3833.72	6669.39
3834.1	6665.39
3834.48	6729.39
3834.87	6689.39
3835.25	6656.39
3835.63	6644.39
3836.02	6563.39
3836.4	6645.39
3836.78	6711.39
3837.17	6604.39
3837.55	6762.39
3837.93	6683.39
3838.32	6663.39
3838.7	6648.39
3839.08	6629.39
3839.47	6627.39
3839.85	6707.39
3840.23	6629.39
3840.62	6711.39
3841	6627.39
3841.38	6666.39
3841.77	6573.39
3842.15	6579.39
3842.53	6626.39
3842.91	6642.39
3843.3	6671.39
3843.68	6622.39
3844.06	6675.39
3844.44	6709.39
3844.83	6721.39
3845.21	6615.39
3845.59	6710.39
3845.97	6677.39
3846.36	6675.39
3846.74	6515.39
3847.12	6728.39
3847.5	6558.39
3847.89	6613.39
3848.27	6678.39
3848.65	6679.39
3849.03	6708.39
3849.42	6767.39
3849.8	6516.39
3850.18	6625.39
3850.56	6687.39
3850.95	6613.38
3851.33	6635.39
3851.71	6594.39
3852.09	6610.43
3852.47	6604.39
3852.85	6700.39
3853.24	6607.02
3853.62	6635.39
3854	6563.39
3854.38	6528.39
3854.76	6437.39
3855.15	6508.39
3855.53	6641.39
3855.91	6675.39
3856.29	6588.39
3856.67	6719.39
3857.05	6654.39
3857.43	6535.39
3857.82	6636.39
3858.2	6745.39
3858.58	6717.39
3858.96	6668.39
3859.34	6665.39
3859.72	6621.39
3860.1	6458.39
3860.49	6655.39
3860.87	6511.39
3861.25	6628.39
3861.63	6711.39
3862.01	6604.39
3862.39	6493.39
3862.77	6638.39
3863.15	6547.39
3863.53	6619.39
3863.91	6543.39
3864.3	6513.39
3864.68	6626.39
3865.06	6518.39
3865.44	6581.39
3865.82	6577.39
3866.2	6472.39
3866.58	6635.39
3866.96	6590.39
3867.34	6673.39
3867.72	6545.39
3868.1	6701.39
3868.48	6524.39
3868.86	6617.39
3869.24	6566.43
3869.62	6566.24
3870	6566.61
3870.38	6566.12
3870.76	6564.36
3871.14	6565.25
3871.52	6563.05
3871.91	6562.5
3872.29	6483.39
3872.67	6488.39
3873.05	6522.39
3873.43	6507.39
3873.8	6599.39
3874.18	6468.39
3874.56	6512.39
3874.94	6483.39
3875.32	6599.39
3875.7	6620.39
3876.08	6737.39
3876.46	6672.39
3876.84	6543.39
3877.22	6631.39
3877.6	6494.39
3877.98	6435.39
3878.36	6544.39
3878.74	6562.39
3879.12	6506.39
3879.5	6535.39
3879.88	6527.39
3880.26	6444.39
3880.64	6590.39
3881.02	6671.39
3881.4	6538.39
3881.78	6532.39
3882.16	6485.39
3882.53	6640.39
3882.91	6657.39
3883.29	6523.39
3883.67	6541.56
3884.05	6446.39
3884.43	6483.39
3884.81	6461.39
3885.19	6596.39
3885.57	6453.39
3885.95	6453.39
3886.33	6451.39
3886.7	6523.39
3887.08	6457.39
3887.46	6528.39
3887.84	6541.39
3888.22	6551.39
3888.6	6624.39
3888.98	6478.39
3889.35	6614.39
3889.73	6539.39
3890.11	6433.39
3890.49	6574.39
3890.87	6574.39
3891.25	6439.39
3891.63	6533.39
3892	6520.39
3892.38	6525.39
3892.76	6545.39
3893.14	6484.39
3893.52	6476.39
3893.89	6550.39
3894.27	6558.39
3894.65	6589.39
3895.03	6478.39
3895.41	6574.39
3895.79	6521.39
3896.16	6479.39
3896.54	6685.39
3896.92	6334.39
3897.3	6506.39
3897.67	6561.39
3898.05	6483.39
3898.43	6434.39
3898.81	6415.39
3899.18	6466.39
3899.56	6514.39
3899.94	6468.39
