19.9309	5097.18
20.6073	5125.18
21.2836	5341.18
21.9622	5439.18
22.6385	5636.18
23.3147	5695.18
23.9908	5879.18
24.6669	6009.18
25.343	6351.18
26.019	6389.18
26.695	6370.18
27.3709	6558.18
28.0467	6504.18
28.7226	6360.18
29.3983	6259.18
30.0741	6324.18
30.7498	6291.18
31.4254	6341.18
32.101	6459.18
32.7765	6622.18
33.452	6777.18
34.1275	6948.18
34.8029	7040.18
35.4782	7175.18
36.1535	7381.18
36.8265	7351.18
37.5017	7315.18
38.1769	7122.18
38.852	7199.18
39.527	7155.18
40.2021	7225.18
40.877	7266.18
41.552	7338.18
42.2246	7513.18
42.8994	7613.18
43.5742	7691.18
44.2489	7708.18
44.9236	7637.18
45.5983	7613.18
46.2706	7645.18
46.9451	7763.18
47.6196	7857.18
48.2941	7937.18
48.9662	7891.18
49.6406	8038.18
50.3149	7713.18
50.9892	7696.18
51.6611	7715.18
52.3353	7659.18
53.0094	7589.18
53.6812	7559.18
54.3553	7325.18
55.0293	7349.18
55.7009	7475.18
56.3748	7486.18
57.0487	7797.18
57.7202	7939.18
58.3939	8150.18
59.0676	8310.18
59.739	8157.18
60.4126	8029.18
61.0839	7935.18
61.7574	7667.18
62.4309	7660.18
63.1021	7352.18
63.7754	7377.18
64.4465	7481.18
65.1198	7389.18
65.7907	7336.18
66.4639	7399.18
67.1348	7413.18
67.8079	7352.18
68.4787	7487.18
69.1517	7348.18
69.8223	7366.18
70.4953	7197.18
71.1658	7380.18
71.8387	7390.18
72.5092	7298.18
73.1819	7425.18
73.8523	7604.18
74.5249	7639.18
75.1952	7692.18
75.8655	7711.18
76.538	7578.18
77.2081	7201.18
77.8805	7001.18
78.5506	7032.18
79.2206	6853.18
79.8929	7019.18
80.5628	6952.18
81.2327	7009.18
81.9048	7192.18
82.5746	7246.18
83.2444	7225.18
83.9164	7163.18
84.586	7108.18
85.2556	6714.18
85.9252	6531.18
86.597	6541.18
87.2664	6713.18
87.9359	6623.18
88.6052	6679.18
89.2768	6885.18
89.9461	6850.18
90.6154	6895.18
91.2846	7129.18
91.9537	7030.18
92.6251	6983.18
93.2941	7045.18
93.9631	6942.18
94.6321	6939.18
95.301	6644.18
95.9699	6650.18
96.641	6686.18
97.3097	6614.18
97.9785	6499.18
98.6471	6557.18
99.3158	6593.18
99.9844	6507.18
100.653	6390.18
101.321	6309.18
101.99	6212.18
102.658	6219.18
103.327	6446.18
103.995	6528.18
104.663	6607.18
105.331	6862.18
106.002	6749.18
106.67	6655.18
107.338	6656.18
108.004	6438.18
108.672	6464.18
109.34	6135.18
110.008	6167.18
110.675	6067.18
111.343	6057.18
112.011	5963.18
112.679	6298.18
113.346	6290.18
114.014	6478.18
114.682	6633.18
115.349	6391.18
116.017	6266.18
116.682	6303.18
117.349	6126.18
118.016	5987.18
118.684	5933.18
119.351	5825.18
120.018	5855.18
120.685	5883.18
121.35	5877.18
122.017	5942.18
122.684	5856.18
123.351	5983.18
124.016	5794.18
124.683	5692.18
125.35	5687.18
126.016	5765.18
126.681	5773.18
127.348	5727.18
128.014	5833.18
128.681	5670.18
129.345	5721.18
130.012	5847.18
130.678	5751.18
131.342	5730.18
132.009	5645.18
132.675	5518.18
133.339	5676.18
134.005	5466.18
134.671	5493.18
135.335	5539.18
136.001	5459.18
136.665	5511.18
137.331	5588.18
137.997	5555.18
138.661	5747.18
139.327	5554.18
139.99	5505.18
140.656	5485.18
141.319	5407.18
141.985	5348.18
142.651	5172.18
143.314	5259.18
143.98	5364.18
144.643	5374.18
145.308	5261.18
145.971	5300.18
146.634	5395.18
147.3	5263.18
147.963	5211.18
148.628	5217.18
149.291	5105.18
149.956	5180.18
150.619	5206.18
151.284	5282.18
151.947	5213.18
152.609	5138.18
153.274	5230.18
153.937	5099.18
154.599	5231.18
155.264	5201.18
155.927	5091.18
156.589	5243.18
157.254	5067.18
157.916	4960.18
158.578	4960.18
159.243	4951.18
159.905	5023.18
160.567	4924.18
161.231	4989.18
161.893	5013.18
162.555	5019.18
163.217	4894.18
163.882	4915.18
164.543	4927.18
165.205	4812.18
165.867	4830.18
166.531	4690.18
167.193	4851.18
167.854	4719.18
168.516	4676.18
169.178	4786.18
169.839	4919.18
170.503	4697.18
171.164	4917.18
171.826	4770.18
172.487	4804.18
173.148	4846.18
173.809	4836.18
174.47	4878.18
175.132	4777.18
175.793	4722.18
176.454	4787.18
177.117	4657.18
177.778	4740.18
178.439	4569.18
179.1	4617.18
179.761	4726.18
180.421	4598.18
181.082	4648.18
181.743	4664.18
182.403	4713.18
183.064	4663.18
183.725	4691.18
184.385	4652.18
185.045	4586.18
185.706	4660.18
186.364	4614.18
187.024	4536.18
187.685	4603.18
188.345	4564.18
189.005	4479.18
189.665	4523.18
190.325	4440.18
190.985	4689.18
191.645	4598.18
192.305	4598.18
192.963	4578.18
193.623	4402.18
194.283	4607.18
194.942	4567.18
195.602	4707.18
196.26	4584.18
196.919	4616.18
197.579	4582.18
198.238	4606.18
198.898	4548.18
199.555	4579.18
200.214	4533.18
200.874	4579.18
201.533	4632.18
202.19	4571.18
202.849	4524.18
203.509	4511.18
204.165	4474.18
204.825	4425.18
205.484	4342.18
206.14	4521.18
206.799	4560.18
207.458	4545.18
208.115	4488.18
208.774	4458.18
209.432	4516.18
210.089	4499.18
210.748	4608.18
211.404	4316.18
212.063	4520.18
212.721	4495.18
213.377	4392.18
214.036	4510.18
214.692	4416.18
215.35	4456.18
216.007	4468.18
216.665	4382.18
217.321	4433.18
217.979	4414.18
218.635	4491.18
219.293	4435.18
219.949	4467.18
220.607	4476.18
221.263	4486.18
221.921	4516.18
222.576	4292.18
223.234	4349.18
223.889	4529.18
224.545	4431.18
225.203	4444.18
225.858	4290.18
226.516	4442.18
227.171	4322.18
227.826	4369.18
228.484	4259.18
229.139	4322.18
229.794	4432.72
230.451	4280.18
231.106	4371.18
231.761	4429.42
232.419	4347.18
233.074	4403.18
233.728	4280.18
234.386	4351.18
235.04	4285.18
235.695	4404.18
236.35	4502.18
237.007	4424.18
237.661	4352.18
238.316	4412.18
238.97	4477.18
239.625	4497.18
240.281	4439.18
240.936	4483.18
241.59	4394.18
242.244	4487.18
242.899	4511.18
243.553	4383.18
244.209	4466.18
244.863	4296.18
245.517	4367.18
246.171	4346.18
246.825	4359.18
247.479	4258.18
248.133	4447.18
248.787	4346.18
249.441	4426.18
250.095	4401.18
250.748	4293.18
251.404	4368.18
252.058	4419.18
252.711	4409.18
253.365	4383.18
254.019	4452.18
254.672	4372.18
255.325	4399.18
255.979	4444.18
256.632	4463.18
257.283	4333.18
257.936	4294.18
258.589	4369.18
259.243	4425.18
259.896	4437.18
260.549	4489.18
261.202	4318.18
261.855	4510.18
262.508	4305.18
263.16	4341.18
263.813	4450.18
264.464	4439.18
265.116	4553.18
265.769	4544.18
266.422	4427.18
267.074	4411.73
267.727	4440.18
268.377	4443.18
269.03	4409.18
269.682	4467.18
270.334	4453.18
270.987	4347.18
271.637	4361.18
272.289	4442.18
272.941	4451.18
273.591	4441.18
274.243	4440.18
274.895	4469.18
275.547	4447.18
276.197	4429.18
276.849	4411.18
277.501	4427.18
278.151	4442.18
278.802	4331.18
279.454	4453.18
280.104	4447.18
280.755	4389.18
281.407	4456.18
282.056	4428.18
282.708	4507.18
283.357	4453.18
284.008	4380.18
284.66	4554.18
285.309	4514.18
285.96	4418.18
286.609	4412.18
287.26	4488.18
287.909	4449.37
288.561	4457.18
289.209	4475.18
289.86	4437.18
290.509	4470.18
291.16	4507.18
291.809	4473.18
292.46	4429.18
293.108	4405.18
293.759	4295.18
294.408	4343.18
295.056	4323.18
295.707	4269.18
296.355	4328.18
297.006	4310.18
297.654	4483.83
298.302	4273.18
298.953	4358.18
299.601	4379.18
300.251	4507.18
300.899	4491.18
301.547	4471.18
302.197	4488.18
302.845	4517.18
303.493	4442.18
304.141	4522.18
304.791	4517.18
305.439	4566.18
306.086	4549.18
306.736	4508.3
307.384	4580.18
308.032	4488.18
308.679	4605.18
309.329	4573.18
309.976	4500.18
310.624	4535.18
311.271	4548.18
311.918	4475.18
312.566	4560.18
313.215	4481.18
313.862	4513.18
314.509	4457.18
315.156	4472.18
315.803	4464.18
316.451	4500.18
317.097	4592.18
317.747	4629.18
318.393	4576.18
319.04	4485.18
319.687	4680.18
320.334	4597.18
320.981	4635.18
321.627	4686.18
322.274	4558.18
322.92	4560.18
323.567	4555.18
324.213	4575.18
324.86	4513.18
325.506	4617.18
326.153	4560.18
326.799	4634.18
327.445	4529.18
328.091	4605.18
328.738	4642.18
329.384	4657.18
330.03	4682.18
330.676	4640.18
331.322	4597.18
331.968	4659.18
332.611	4555.18
333.257	4628.18
333.903	4656.18
334.549	4645.18
335.195	4585.18
335.84	4545.18
336.486	4697.18
337.129	4617.18
337.775	4644.18
338.421	4694.18
339.066	4733.18
339.711	4653.18
340.355	4733.18
341	4742.18
341.645	4710.18
342.29	4802.18
342.933	4715.18
343.579	4636.18
344.224	4759.18
344.869	4671.18
345.512	4793.18
346.157	4779.18
346.802	4637.18
347.444	4833.18
348.089	4819.18
348.734	4723.18
349.377	4792.18
350.021	4687.18
350.666	4750.18
351.308	4724.18
351.953	4816.18
352.595	4797.18
353.24	4741.18
353.884	4773.18
354.527	4783.18
355.171	4827.18
355.813	4746.18
356.457	4818.18
357.099	4650.18
357.744	4807.18
358.386	4808.18
359.03	4745.18
359.672	4795.18
360.316	4829.18
360.957	4743.18
361.601	4780.18
362.243	4791.18
362.887	4749.18
363.529	4798.18
364.172	4768.18
364.814	4888.18
365.455	4999.18
366.099	4796.18
366.74	4846.18
367.384	4913.18
368.025	4918.18
368.666	4842.18
369.31	4842.18
369.951	5005.18
370.592	4816.18
371.235	4876.18
371.877	4845.18
372.518	4806.18
373.161	4847.18
373.802	4878.18
374.442	4949.18
375.086	4938.12
375.726	4897.18
376.367	4856.18
377.008	4972.18
377.651	4957.18
378.291	4964.36
378.932	4975.18
379.572	4919.18
380.213	4961.18
380.855	4998.18
381.496	5078.18
382.136	4912.18
382.777	4979.18
383.417	5068.18
384.057	5047.18
384.699	5041.18
385.34	5027.18
385.98	5097.18
386.62	4991.18
387.26	5118.18
387.9	5070.18
388.54	5047.18
389.179	5001.18
389.819	5025.18
390.459	5001.18
391.099	5246.18
391.739	5116.18
392.378	5141.18
393.018	5120.18
393.657	5139.18
394.297	5078.18
394.936	5095.18
395.576	5157.18
396.215	5104.18
396.855	5159.18
397.494	5045.18
398.133	5202.18
398.772	5187.18
399.412	5178.18
400.051	5151.18
400.69	5145.18
401.329	5217.18
401.968	5164.18
402.605	5126.18
403.244	5237.18
403.883	5145.18
404.521	5229.18
405.16	5250.18
405.799	5213.18
406.436	5125.18
407.074	5234.62
407.713	5249.18
408.351	5182.18
408.99	5253.18
409.626	5249.18
410.265	5257.18
410.903	5275.18
411.542	5387.18
412.178	5243.18
412.816	5358.18
413.454	5328.18
414.09	5253.18
414.728	5221.18
415.367	5311.18
416.005	5213.18
416.64	5404.18
417.278	5246.18
417.914	5247.18
418.552	5288.18
419.19	5449.18
419.826	5354.18
420.463	5408.18
421.101	5403.18
421.737	5348.18
422.374	5363.18
423.01	5365.18
423.647	5373.18
424.282	5360.18
424.92	5311.18
425.555	5351.18
426.193	5322.18
426.828	5433.18
427.465	5332.18
428.1	5418.18
428.737	5497.18
429.372	5424.18
430.009	5433.18
430.644	5481.18
431.281	5502.18
431.916	5585.18
432.553	5562.18
433.188	5565.18
433.823	5570.18
434.459	5432.18
435.094	5486.18
435.731	5593.18
436.365	5641.18
437	5619.18
437.636	5698.18
438.271	5580.18
438.905	5547.18
439.542	5617.18
440.176	5644.18
440.81	5652.18
441.446	5637.18
442.081	5679.18
442.715	5725.18
443.349	5661.18
443.985	5696.18
444.619	5715.18
445.253	5770.18
445.887	5732.18
446.52	5577.18
447.156	5795.18
447.79	5632.18
448.424	5690.18
449.058	5840.18
449.691	5726.18
450.327	5804.18
450.961	5975.18
451.594	5907.18
452.227	5555.18
452.861	5762.18
453.494	5906.18
454.128	5828.18
454.761	5838.18
455.394	5843.18
456.029	5856.18
456.663	5855.18
457.296	5873.18
457.929	6042.18
458.562	6046.18
459.195	5922.18
459.828	5895.18
460.461	5990.18
461.094	5887.18
461.726	5973.18
462.359	5948.18
462.992	5934.18
463.625	5917.18
464.257	6059.18
464.89	5990.18
465.52	6051.18
466.153	5955.18
466.785	5987.18
467.418	5964.18
468.05	6009.18
468.682	5904.18
469.315	6045.18
469.947	6026.18
470.579	5984.18
471.209	6043.18
471.841	5925.18
472.473	6058.18
473.105	6027.18
473.737	5991.18
474.367	6003.18
474.999	6122.18
475.631	5975.18
476.263	5922.18
476.892	6068.18
477.524	6026.18
478.156	6021.18
478.788	5935.18
479.417	5878.18
480.049	6007.18
480.68	6047.18
481.31	6079.18
481.941	6092.18
482.572	6008.18
483.202	5876.18
483.833	5974.18
484.464	5871.18
485.093	6108.18
485.725	5876.18
486.356	5993.29
486.985	5947.33
487.616	5971.42
488.245	5924.41
488.876	5885.65
489.507	5835.64
490.135	5931.53
490.766	5896.14
491.395	5803.72
492.026	5844.51
492.654	5885.91
493.285	5785.12
493.913	5790.54
494.544	5707.62
495.172	5835.97
495.803	5775.6
496.431	5719.51
497.062	5607.63
497.69	5752.39
498.318	5689.29
498.949	5617.47
499.577	5463.93
500.207	5600.24
500.835	5490.9
501.463	5392.2
502.093	5365.54
502.721	5417.97
503.349	5354.61
503.979	5315.61
504.607	5278.63
505.234	5122.96
505.864	5147.49
506.492	5072.25
507.119	5137.73
507.749	5200.87
508.377	5137.56
509.004	5006.45
509.632	5060.31
510.261	4985.2
510.889	5000.82
511.516	4941.19
512.143	4974.8
512.77	4863.34
513.4	4834.52
514.027	4729.07
514.654	4752.17
515.281	4778.94
515.908	4666.66
516.537	4683.25
517.164	4622.95
517.791	4612.37
518.418	4530.13
519.045	4573.78
519.672	4488.32
520.298	4431.8
520.925	4546.27
521.552	4450.41
522.178	4502.36
522.805	4222.23
523.431	4352.04
524.058	4323.02
524.686	4293.44
525.313	4347.13
525.939	4309.58
526.565	4263.06
527.19	4280.35
527.816	4246.38
528.442	4244.24
529.068	4053.69
529.694	4174.29
530.32	4174.6
530.946	4120.18
531.572	4090.01
532.198	4021.84
532.824	3971.72
533.45	4063.56
534.076	3972.71
534.699	4081.31
535.325	4008.91
535.951	3984.84
536.577	3959.98
537.202	3945.12
537.828	3864
538.451	3860.72
539.077	3704.83
539.702	3848
540.327	3816.47
540.953	3754.94
541.576	3808.99
542.201	3828.46
542.826	3836.57
543.452	3726.01
544.075	3818.67
544.7	3752.21
545.325	3745.89
545.948	3665.24
546.573	3722.23
547.198	3813.43
547.82	3724.7
548.445	3678.26
549.07	3667.27
549.693	3633.89
550.317	3649.22
550.94	3621
551.565	3581.9
552.189	3573.59
552.812	3582.89
553.436	3623.3
554.058	3601.16
554.683	3588.62
555.305	3578.53
555.93	3617.97
556.554	3540.91
557.176	3539.3
557.8	3524.39
558.422	3571.72
559.046	3483.32
559.668	3566.53
560.29	3520.49
560.914	3570.67
561.536	3515.65
562.16	3548.8
562.782	3497.84
563.406	3554.31
564.027	3534.98
564.649	3594.9
565.273	3454.82
565.894	3524.21
566.518	3568.9
567.139	3504.88
567.761	3581.9
568.384	3522.35
569.006	3534.73
569.627	3525.15
570.25	3457.58
570.872	3528.07
571.493	3466.35
572.114	3435.01
572.737	3485.14
573.358	3486.72
573.979	3468.29
574.6	3442.43
575.223	3443.87
575.844	3398.3
576.465	3402.53
577.086	3383.71
577.707	3438.36
578.33	3308.11
578.95	3300.91
579.571	3366.85
580.191	3334.45
580.812	3310.32
581.433	3326.08
582.053	3285.63
582.676	3297.23
583.296	3297.18
583.916	3273.22
584.537	3239.74
585.157	3242.83
585.777	3197.54
586.397	3214.58
587.018	3297.35
587.638	3289.26
588.258	3302.17
588.878	3225.28
589.498	3241.08
590.118	3218.56
590.738	3195
591.357	3227.98
591.977	3200.56
592.597	3175.23
593.217	3153.67
593.836	3171.55
594.456	3126.31
595.076	3083.84
595.695	3152.33
596.313	3157.23
596.932	3081.81
597.552	3083.31
598.171	3040.86
598.79	3023.25
599.41	3030.47
600.029	3042.5
600.646	3016.11
601.265	3090.87
601.885	2983.01
602.504	3017.95
603.123	2990.22
603.74	2945.26
604.359	3031.57
604.978	2951.23
605.597	2945.69
606.213	2964.32
606.832	2964.87
607.451	2965.74
608.068	2935.66
608.686	2927.41
609.305	2920.92
609.924	2869.46
610.54	2942.21
611.159	2935.16
611.775	2865.86
612.393	2863.43
613.012	2869
613.628	2840.52
614.246	2846.61
614.865	2895.86
615.481	2845.2
616.099	2834.96
616.715	2865.84
617.333	2872.08
617.949	2839.67
618.567	2884.55
619.183	2802.46
619.801	2845.15
620.417	2762.26
621.035	2797.78
621.651	2750.69
622.268	2791.23
622.884	2789.19
623.502	2718.15
624.117	2795.13
624.735	2655.48
625.351	2779.33
625.968	2757.43
626.584	2724.89
627.199	2659.88
627.816	2695.55
628.432	2707.88
629.047	2679.33
629.664	2734.95
630.279	2757.32
630.897	2782.74
631.512	2695.73
632.127	2701.73
632.742	2691.34
633.359	2690.6
633.974	2722.86
634.589	2678.26
635.206	2811.16
635.82	2717.94
636.435	2685.43
637.05	2631.86
637.667	2625.37
638.281	2713.29
638.896	2571.26
639.51	2634.85
640.125	2641.29
640.741	2632.67
641.356	2676.11
641.97	2654.35
642.585	2605.35
643.199	2650.23
643.813	2570.64
644.427	2638.72
645.042	2603.37
645.658	2624.8
646.272	2547.33
646.886	2541.32
647.5	2532.01
648.114	2538.27
648.728	2581.97
649.342	2598.85
649.956	2561.86
650.57	2602.56
651.183	2547.01
651.797	2576.53
652.411	2565.73
653.024	2569.54
653.638	2599.94
654.252	2554.73
654.865	2531.6
655.479	2562.57
656.092	2532.98
656.706	2654.1
657.319	2591.26
657.93	2583.23
658.543	2545.38
659.157	2416.81
659.77	2578.35
660.383	2491.89
660.996	2510.09
661.609	2543.94
662.22	2470.56
662.833	2478.76
663.446	2454.08
664.059	2495.35
664.672	2489.47
665.283	2538.53
665.896	2517.71
666.508	2503.55
667.121	2531.5
667.732	2536.12
668.344	2512.41
668.957	2520.54
669.57	2553.25
670.18	2501.13
670.792	2550.47
671.405	2511.07
672.015	2525.41
672.628	2521.24
673.24	2530.93
673.85	2468.32
673.99	2445.32
674.608	2470.32
675.229	2424.32
675.848	2497.32
676.469	2358.32
677.087	2382.32
677.708	2503.32
678.326	2460.32
678.945	2405.32
679.565	2452.32
680.183	2458.32
680.804	2426.32
681.422	2466.32
682.04	2394.32
682.661	2400.32
683.279	2431.32
683.897	2404.32
684.517	2383.32
685.135	2357.32
685.753	2328.32
686.373	2398.32
686.991	2343.32
687.609	2382.32
688.229	2346.32
688.846	2378.32
689.464	2368.32
690.082	2335.32
690.702	2385.32
691.319	2419.32
691.937	2452.32
692.554	2501.32
693.172	2423.32
693.791	2386.32
694.409	2460.32
695.026	2358.32
695.643	2394.32
696.261	2430.32
696.878	2365.32
697.497	2397.32
698.114	2397.32
698.731	2514.32
699.349	2374.32
699.966	2414.32
700.583	2449.32
701.199	2416.32
701.816	2436.32
702.433	2385.32
703.05	2342.32
703.667	2450.32
704.286	2451.32
704.902	2406.32
705.519	2457.32
706.136	2452.32
706.752	2366.32
707.369	2398.32
707.985	2418.32
708.602	2344.32
709.216	2452.32
709.832	2371.32
710.449	2433.32
711.065	2463.32
711.681	2355.32
712.297	2417.32
712.914	2411.32
713.53	2395.32
714.146	2393.32
714.762	2388.32
715.378	2373.32
715.992	2367.32
716.608	2424.32
717.224	2429.32
717.839	2443.32
718.455	2369.32
719.071	2442.32
719.685	2434.32
720.3	2493.32
720.916	2363.32
721.531	2468.32
722.147	2433.32
722.76	2424.32
723.376	2362.32
723.991	2374.32
724.607	2341.32
725.22	2431.32
725.835	2396.32
726.451	2362.32
727.064	2448.32
727.679	2434.32
728.294	2389.32
728.907	2417.32
729.522	2387.32
730.137	2436.32
730.75	2387.32
731.365	2435.32
731.98	2391.32
732.593	2348.32
733.208	2416.32
733.82	2381.32
734.435	2310.32
735.047	2361.32
735.662	2387.32
736.277	2386.32
736.889	2466.32
737.504	2373.32
738.116	2566.32
738.731	2456.32
739.343	2397.32
739.957	2446.32
740.57	2439.32
741.184	2427.32
741.796	2435.32
742.41	2436.32
743.022	2473.32
743.636	2449.32
744.248	2380.32
744.86	2381.32
745.474	2378.32
746.086	2395.32
746.7	2426.32
747.312	2323.32
747.924	2387.32
748.538	2431.65
749.149	2432.02
749.761	2433.43
750.375	2433.89
750.986	2435.07
751.598	2346.32
752.211	2438.32
752.823	2446.32
753.434	2434.32
754.047	2525.32
754.659	2376.32
755.27	2466.32
755.881	2335.32
756.495	2486.32
757.106	2486.32
757.717	2462.32
758.328	2476.32
758.939	2395.32
759.552	2532.32
760.163	2486.32
760.774	2394.32
761.385	2430.32
761.995	2531.32
762.608	2579.32
763.219	2490.32
763.83	2422.32
764.44	2385.32
765.051	2489.32
765.662	2439.32
766.272	2511.32
766.883	2500.32
767.493	2416.32
768.104	2490.32
768.714	2439.32
769.326	2472.32
769.937	2425.32
770.547	2498.32
771.157	2504.32
771.767	2557.32
772.377	2478.32
772.988	2497.32
773.598	2498.32
774.208	2518.32
774.818	2499.32
775.425	2487.32
776.035	2535.32
776.645	2441.32
777.255	2566.32
777.865	2488.32
778.475	2491.32
779.084	2484.32
779.694	2442.32
780.304	2423.32
780.913	2491.32
781.521	2518.32
782.13	2494.32
782.739	2470.32
783.349	2431.32
783.958	2480.32
784.568	2483.32
785.175	2492.32
785.784	2530.32
786.393	2506.32
787.002	2446.32
787.612	2503.32
788.219	2464.32
788.828	2506.32
789.437	2419.32
790.044	2460.32
790.652	2533.32
791.261	2515.32
791.87	2469.32
792.477	2555.32
793.086	2538.32
793.694	2442.32
794.301	2515.32
794.91	2405.32
795.518	2450.32
796.125	2430.32
796.733	2477.32
797.34	2528.32
797.948	2509.32
798.557	2533.32
799.163	2492.32
799.771	2448.32
800.377	2414.32
800.986	2419.32
801.592	2528.32
802.2	2460.32
802.808	2318.32
803.414	2430.32
804.022	2424.32
804.628	2458.32
805.236	2376.32
805.842	2416.32
806.448	2398.32
807.056	2429.32
807.661	2378.32
808.269	2482.32
808.875	2429.32
809.482	2393.32
810.088	2452.32
810.694	2356.32
811.301	2371.32
811.907	2376.32
812.514	2331.32
813.119	2409.32
813.725	2434.32
814.332	2314.32
814.937	2373.32
815.543	2398.32
816.15	2345.32
816.755	2389.32
817.36	2298.32
817.967	2383.32
818.572	2363.32
819.177	2378.32
819.782	2321.32
820.389	2266.32
820.994	2306.32
821.599	2286.32
822.204	2272.32
822.81	2370.32
823.415	2393.32
824.02	2387.32
824.624	2355.32
825.229	2356.32
825.833	2358.32
826.44	2269.32
827.045	2297.32
827.649	2341.32
828.253	2360.32
828.858	2348.32
829.462	2260.32
830.066	2423.32
830.67	2340.32
831.277	2313.32
831.881	2281.32
832.485	2358.32
833.089	2295.32
833.693	2243.32
834.297	2282.32
834.901	2306.32
835.505	2340.32
836.109	2263.32
836.713	2337.32
837.316	2284.32
837.92	2258.32
838.524	2299.32
839.128	2366.32
839.731	2331.32
840.335	2303.32
840.936	2389.32
841.54	2387.32
842.143	2348.32
842.747	2360.32
843.35	2365.32
843.953	2296.32
844.557	2431.32
845.16	2422.32
845.763	2347.32
846.364	2387.32
846.967	2362.32
847.571	2405.32
848.174	2345.32
848.777	2380.32
849.378	2390.32
849.981	2411.32
850.583	2364.32
851.186	2330.32
851.787	2377.32
852.39	2341.32
852.993	2401.32
853.595	2434.32
854.196	2389.32
854.799	2408.32
855.401	2359.32
856.002	2434.32
856.604	2462.32
857.207	2410.32
857.807	2410.32
858.41	2448.32
859.012	2401.32
859.612	2536.32
860.214	2426.32
860.817	2491.32
861.417	2415.32
862.019	2437.32
862.619	2453.32
863.221	2453.32
863.821	2460.32
864.423	2439.32
865.025	2490.32
865.625	2417.32
866.227	2528.32
866.827	2568.32
867.429	2545.32
868.028	2505.32
868.63	2508.32
869.23	2533.32
869.831	2517.32
870.431	2426.32
871.03	2520.32
871.632	2452.32
872.231	2532.32
872.833	2456.32
873.432	2553.32
874.034	2549.32
874.633	2587.32
875.232	2521.32
875.833	2562.32
876.432	2561.32
877.032	2650.32
877.633	2631.32
878.232	2599.32
878.831	2548.32
879.432	2611.32
880.031	2605.32
880.63	2569.32
881.231	2667.32
881.829	2591.32
882.428	2623.32
883.027	2664.32
883.628	2660.32
884.226	2655.32
884.825	2631.32
885.423	2613.32
886.022	2696.32
886.623	2594.32
887.221	2705.32
887.819	2733.32
888.418	2633.32
889.016	2714.32
889.614	2710.32
890.215	2669.32
890.813	2664.32
891.411	2737.32
892.009	2680.32
892.607	2766.32
893.206	2762.32
893.804	2698.32
894.401	2699.32
894.999	2731.32
895.597	2696.32
896.195	2755.32
896.793	2859.32
897.391	2704.32
897.989	2786.32
898.586	2737.32
899.184	2766.32
899.782	2739.32
900.379	2822.32
900.977	2832.32
901.574	2822.32
902.172	2793.32
902.769	2790.32
903.367	2784.32
903.964	2766.32
904.561	2759.32
905.159	2768.32
905.756	2788.32
906.351	2799.32
906.948	2756.32
907.545	2849.32
908.143	2843.32
908.74	2832.32
909.337	2843.32
909.934	2864.32
910.528	2883.32
911.125	2755.32
911.722	2899.32
912.319	2891.32
912.914	2837.32
913.51	2905.32
914.107	2863.32
914.704	2886.32
915.298	2875.32
915.895	2882.32
916.492	2877.32
917.088	2902.32
917.683	2927.32
918.279	2855.32
918.875	2877.32
919.47	2899.32
920.066	2884.32
920.66	2878.32
921.256	2888.32
921.853	2931.32
922.447	2956.32
923.043	2952.32
923.639	2922.32
924.233	2977.32
924.829	2995.32
925.423	2898.32
926.019	2972.32
926.613	2979.32
927.209	2942.32
927.802	3002.32
928.398	2936.32
928.992	2850.32
929.588	2891.92
930.181	2938.94
930.777	2966.81
931.37	2974.34
931.966	2918.2
932.559	2944.61
933.155	2979.57
933.748	2990.61
934.341	2937.99
934.937	2871.54
935.53	2967.95
936.125	3041.05
936.719	2859.06
937.312	2968.4
937.907	3018.54
938.5	3004.23
939.093	2978.12
939.688	2996.01
940.281	2982.89
940.874	2942.29
941.469	2981.68
942.062	3011.12
942.654	2900.43
943.247	3001.58
943.842	3049.83
944.435	2919.38
945.027	2987.76
945.62	2893.9
946.215	2951.94
946.807	3008.53
947.4	2986.84
947.992	2918.7
948.584	2995.34
949.179	2936.01
949.771	3004.6
950.364	3088.26
950.956	2976.57
951.548	2998.6
952.14	2997.09
952.732	3052.07
953.325	2952.97
953.919	3013.24
954.511	3034.19
955.103	3067.23
955.695	3015.05
956.287	3046.19
956.878	2997.11
957.47	2992.65
958.062	2922.53
958.654	3043.9
959.246	3065.6
959.837	3058
960.429	3060.7
961.021	2996.35
961.612	3068.64
962.204	3048.18
962.795	3073.3
963.387	3015.51
963.978	3090.72
964.567	3007.55
965.159	3029.24
965.75	3084.43
966.341	3018.91
966.933	3036.22
967.524	3010.72
968.115	3098.36
968.706	3081.81
969.295	3065.19
969.886	3036.51
970.477	3025.84
971.068	3034.55
971.659	3081.52
972.248	3072.7
972.839	3058.25
973.43	3062.6
974.02	3052.89
974.609	3012.12
975.2	3053.94
975.79	3026.94
976.381	2995.62
976.969	3058.85
977.56	3081.05
978.151	3113.33
978.739	3035.67
979.329	3103.72
979.92	3026.75
980.508	3037.23
981.098	3005.43
981.689	2974.36
982.277	2989.4
982.867	3027.98
983.455	3044.43
984.045	3034.25
984.635	3064.26
985.223	3076.02
985.813	3047.86
986.401	3090.81
986.991	3041.69
987.579	3024.34
988.169	3009.68
988.757	3047.18
989.347	3051.98
989.934	3054.5
990.524	2993.55
991.112	2993.29
991.701	3011.5
992.289	2991.8
992.878	3016.12
993.466	2997.11
994.053	2979.71
994.643	3010.76
995.23	3073.48
995.82	3070.16
996.407	3048.69
996.994	3091.58
997.583	3036.83
998.17	3060.33
998.758	3036.14
999.347	3015.08
999.934	3043.32
1000.52	3047.95
1001.11	2975.12
1001.7	3018.83
1002.28	3014.99
1002.87	3002.13
1003.46	3031.15
1004.05	3086.7
1004.63	3022.66
1005.22	2908.18
1005.81	3062.86
1006.4	3025.24
1006.98	3008.28
1007.57	3029.24
1008.15	3032.52
1008.74	3019.52
1009.33	3024.67
1009.92	2977.26
1010.5	3008.83
1011.09	3016.71
1011.68	2986.77
1012.26	2961.09
1012.85	3007.95
1013.43	3020.16
1014.02	2968.87
1014.61	3039.78
1015.19	3001.28
1015.78	3021.12
1016.37	2991.19
1016.95	2976.45
1017.54	2993.38
1018.12	2987.95
1018.71	2953.59
1019.3	2933
1019.88	2923.58
1020.47	2958.97
1021.05	2946.35
1021.64	2972.34
1022.22	2926.82
1022.81	2964.78
1023.39	3009.4
1023.98	2992.34
1024.56	3009.83
1025.15	3049.19
1025.74	2935.03
1026.32	2948.49
1026.91	2994.59
1027.49	3034.59
1028.07	2951.95
1028.66	3001.79
1029.24	3050.41
1029.83	2985.21
1030.42	3030.93
1031	2923.55
1031.58	3009.67
1032.17	2980.01
1032.75	2986.74
1033.34	2970.46
1033.92	3026.45
1034.51	2990.22
1035.09	3004.37
1035.67	2950.67
1036.26	2938.15
1036.84	2998.78
1037.43	2962.7
1038.01	2900.42
1038.59	2899.29
1039.18	2981.36
1039.76	3005.29
1040.35	2955.97
1040.93	2972.6
1041.51	2963.69
1042.1	2894.63
1042.68	3041.7
1043.26	3001.61
1043.85	3017.84
1044.43	2997.51
1045.01	2933.66
1045.6	2972.45
1046.18	2928.37
1046.76	2995.34
1047.34	2951.66
1047.93	3001.78
1048.51	3008.62
1049.09	3023.77
1049.68	2997.13
1050.26	2905.98
1050.84	2935.2
1051.43	2937.89
1052.01	2906.42
1052.59	3037.21
1053.17	2929.5
1053.75	3004.2
1054.34	3020.25
1054.92	2973.53
1055.5	2945.45
1056.08	3055.44
1056.67	2989.15
1057.25	2949.76
1057.83	2952.27
1058.41	2954.6
1058.99	2963.5
1059.58	2903.53
1060.16	2961.87
1060.74	2943.16
1061.32	2889.41
1061.9	2990.29
1062.48	2947.28
1063.06	2911.17
1063.65	2891.37
1064.23	2992.75
1064.81	2926.14
1065.39	2925.54
1065.97	2974.93
1066.55	2966.4
1067.13	3000.86
1067.72	3028.23
1068.3	2993.74
1068.88	2935.48
1069.46	3025.46
1070.04	3057.43
1070.62	3011.96
1071.2	3045.25
1071.78	2981.32
1072.36	3034.24
1072.94	2943.19
1073.52	3020.85
1074.1	3037
1074.68	3022.25
1075.26	2976.92
1075.84	2986.06
1076.42	3052.4
1077	3041.69
1077.58	2981.74
1078.16	2976.95
1078.74	3075.23
1079.32	3006.33
1079.9	3043.41
1080.48	2955.75
1081.06	2966.81
1081.64	2987.99
1082.22	3040.26
1082.8	2928.76
1083.38	2987.02
1083.96	3019.22
1084.54	2971.42
1085.12	3040.09
1085.7	3087.25
1086.28	3063
1086.86	2991.66
1087.43	3030.59
1088.01	2915.78
1088.59	3078.94
1089.17	3035.62
1089.75	3017.45
1090.33	2982.24
1090.91	2992.3
1091.49	3045.99
1092.06	3027.82
1092.64	3035.19
1093.22	3067.06
1093.8	2969.08
1094.38	3001.11
1094.96	3056.7
1095.53	3009.87
1096.11	2975.32
1096.69	3057.16
1097.27	2968.06
1097.85	3002.03
1098.42	3091.38
1099	2981.87
1099.58	3048.54
1100.16	3031.99
1100.74	2973.73
1101.31	3011.58
1101.89	2992.58
1102.47	2990.11
1103.05	3048.53
1103.62	2929.03
1104.2	2972.56
1104.78	3048.44
1105.16	3062.44
1105.75	2979.44
1106.33	2956.44
1106.92	2982.44
1107.5	2985.44
1108.09	2974.44
1108.67	2928.44
1109.26	2967.44
1109.84	3019.44
1110.43	3002.44
1111.01	3012.44
1111.6	3045.44
1112.18	3009.44
1112.76	3025.44
1113.35	2999.44
1113.93	2953.44
1114.52	3018.44
1115.1	2923.44
1115.69	2904.44
1116.27	2901.44
1116.86	2898.44
1117.44	2866.44
1118.02	2738.44
1118.61	2832.44
1119.19	2865.44
1119.78	2919.44
1120.36	2876.44
1120.94	2924.44
1121.53	2904.44
1122.11	2831.44
1122.69	2883.44
1123.28	2966.44
1123.86	2973.44
1124.45	3017.44
1125.03	2961.44
1125.61	2935.44
1126.2	2955.44
1126.78	2975.44
1127.36	2880.44
1127.95	2862.44
1128.53	2956.44
1129.11	2940.44
1129.69	2835.44
1130.28	2731.44
1130.86	2894.44
1131.44	2696.44
1132.03	2808.44
1132.61	2876.44
1133.19	2879.44
1133.77	2859.44
1134.36	2838.44
1134.94	2795.44
1135.52	2846.44
1136.1	2851.44
1136.69	2863.44
1137.27	2857.44
1137.85	2904.44
1138.43	2907.44
1139.02	2830.44
1139.6	2871.44
1140.18	2909.44
1140.76	2811.44
1141.34	2768.44
1141.92	2838.44
1142.51	2766.44
1143.09	2799.44
1143.67	2696.44
1144.25	2700.44
1144.83	2823.44
1145.41	2784.44
1146	2761.44
1146.58	2795.44
1147.16	2768.44
1147.74	2776.44
1148.32	2822.44
1148.9	2757.44
1149.48	2760.44
1150.06	2736.44
1150.65	2742.44
1151.23	2804.44
1151.81	2788.44
1152.39	2686.44
1152.97	2753.44
1153.55	2694.44
1154.13	2702.44
1154.71	2671.44
1155.29	2710.44
1155.87	2684.44
1156.45	2720.44
1157.03	2660.44
1157.61	2677.44
1158.19	2690.44
1158.77	2705.44
1159.35	2626.44
1159.93	2615.44
1160.51	2644.44
1161.09	2694.44
1161.67	2614.44
1162.25	2602.44
1162.83	2636.44
1163.41	2617.44
1163.99	2547.44
1164.57	2577.44
1165.15	2599.44
1165.73	2708.44
1166.31	2647.44
1166.89	2612.44
1167.47	2635.44
1168.05	2622.44
1168.63	2557.44
1169.21	2616.44
1169.79	2552.44
1170.36	2575.44
1170.94	2576.44
1171.52	2546.44
1172.1	2547.44
1172.68	2555.44
1173.26	2605.44
1173.84	2478.44
1174.42	2498.44
1175	2553.44
1175.57	2419.44
1176.15	2390.44
1176.73	2413.44
1177.31	2456.44
1177.89	2353.44
1178.47	2373.44
1179.04	2401.44
1179.62	2428.44
1180.2	2446.44
1180.78	2456.44
1181.36	2355.44
1181.94	2477.44
1182.51	2447.44
1183.09	2474.44
1183.67	2431.44
1184.24	2491.44
1184.82	2459.44
1185.4	2436.44
1185.98	2405.44
1186.56	2461.44
1187.13	2378.44
1187.71	2417.44
1188.29	2488.44
1188.86	2455.44
1189.44	2480.44
1190.02	2464.44
1190.6	2385.44
1191.17	2433.44
1191.75	2433.44
1192.33	2442.44
1192.91	2415.44
1193.48	2405.44
1194.06	2352.44
1194.63	2319.44
1195.21	2354.44
1195.79	2350.44
1196.36	2382.44
1196.94	2332.44
1197.52	2378.44
1198.09	2415.44
1198.67	2323.44
1199.25	2348.44
1199.82	2337.44
1200.4	2332.44
1200.98	2269.44
1201.55	2310.44
1202.13	2398.44
1202.7	2349.44
1203.28	2329.44
1203.85	2343.44
1204.43	2302.44
1205.01	2359.44
1205.58	2334.06
1206.16	2260.44
1206.73	2274.44
1207.31	2308.44
1207.88	2310.44
1208.46	2288.44
1209.03	2244.44
1209.61	2294.44
1210.18	2217.44
1210.76	2282.44
1211.34	2310.44
1211.91	2253.44
1212.48	2230.44
1213.06	2258.44
1213.63	2303.44
1214.21	2282.44
1214.79	2245.44
1215.36	2292.44
1215.93	2304.44
1216.51	2317.44
1217.08	2270.44
1217.66	2290.44
1218.23	2205.44
1218.81	2280.44
1219.38	2267.44
1219.95	2260.44
1220.53	2308.44
1221.1	2298.44
1221.68	2211.44
1222.25	2266.44
1222.83	2253.44
1223.4	2253.44
1223.97	2188.44
1224.55	2257.44
1225.12	2133.44
1225.69	2194.44
1226.27	2171.44
1226.84	2181.44
1227.42	2252.44
1227.99	2308.44
1228.56	2215.44
1229.14	2198.44
1229.71	2242.44
1230.28	2234.44
1230.86	2280.44
1231.43	2203.44
1232	2314.44
1232.57	2248.44
1233.15	2214.44
1233.72	2238.44
1234.29	2340.44
1234.87	2261.44
1235.44	2209.44
1236.01	2198.44
1236.58	2208.44
1237.16	2216.44
1237.73	2159.44
1238.3	2228.44
1238.87	2208.44
1239.45	2284.44
1240.02	2216.44
1240.59	2268.44
1241.16	2272.44
1241.73	2251.44
1242.31	2188.44
1242.88	2204.44
1243.45	2273.44
1244.02	2249.44
1244.59	2192.44
1245.17	2174.44
1245.74	2207.44
1246.31	2267.44
1246.88	2264.44
1247.45	2220.44
1248.03	2221.44
1248.6	2278.44
1249.17	2268.44
1249.74	2237.12
1250.31	2238.44
1250.88	2253.44
1251.45	2240.44
1252.02	2252.44
1252.6	2254.44
1253.17	2213.44
1253.74	2255.44
1254.31	2197.44
1254.88	2226.44
1255.45	2262.44
1256.02	2240.44
1256.59	2258.44
1257.16	2221.44
1257.73	2207.44
1258.3	2218.44
1258.87	2253.44
1259.44	2185.44
1260.01	2213.44
1260.58	2237.44
1261.16	2244.44
1261.73	2282.44
1262.3	2288.44
1262.87	2305.44
1263.43	2274.44
1264.01	2234.44
1264.58	2161.44
1265.15	2242.44
1265.72	2226.44
1266.28	2205.44
1266.85	2222.44
1267.42	2209.44
1267.99	2217.44
1268.56	2204.44
1269.13	2243.44
1269.7	2198.44
1270.27	2194.44
1270.84	2277.44
1271.41	2210.44
1271.98	2214.44
1272.55	2167.44
1273.12	2205.44
1273.69	2232.44
1274.26	2148.44
1274.82	2235.19
1275.39	2301.44
1275.96	2320.44
1276.53	2257.44
1277.1	2218.44
1277.67	2288.44
1278.24	2234.44
1278.81	2195.44
1279.38	2230.44
1279.94	2236.44
1280.51	2240.44
1281.08	2192.44
1281.65	2263.44
1282.22	2234.44
1282.78	2277.44
1283.35	2215.44
1283.92	2292.44
1284.49	2287.44
1285.05	2276.44
1285.62	2232.44
1286.19	2287.44
1286.76	2264.44
1287.33	2242.44
1287.9	2215.44
1288.46	2281.44
1289.03	2173.44
1289.6	2226.44
1290.16	2182.44
1290.73	2236.44
1291.3	2192.44
1291.87	2172.44
1292.43	2185.44
1293	2182.44
1293.57	2176.44
1294.13	2248.68
1294.7	2224.44
1295.27	2188.44
1295.84	2258.44
1296.4	2297.44
1296.97	2261.44
1297.54	2181.44
1298.1	2264.44
1298.67	2209.44
1299.24	2251.44
1299.8	2300.44
1300.37	2314.44
1300.94	2310.44
1301.5	2293.44
1302.07	2275.44
1302.64	2257.44
1303.2	2245.44
1303.77	2251.44
1304.33	2228.44
1304.9	2231.44
1305.46	2288.44
1306.03	2195.44
1306.6	2264.44
1307.16	2216.44
1307.73	2263.44
1308.29	2272.44
1308.86	2249.44
1309.43	2204.44
1309.99	2241.44
1310.56	2305.44
1311.12	2262.44
1311.69	2301.44
1312.25	2307.44
1312.82	2244.44
1313.38	2274.44
1313.95	2265.44
1314.51	2241.44
1315.08	2248.44
1315.64	2286.44
1316.21	2213.44
1316.77	2368.44
1317.34	2351.44
1317.9	2194.44
1318.47	2266.44
1319.03	2228.44
1319.6	2294.44
1320.16	2286.44
1320.72	2254.44
1321.29	2344.44
1321.85	2300.44
1322.42	2294.44
1322.98	2323.44
1323.55	2302.44
1324.11	2300.44
1324.67	2296.44
1325.24	2284.44
1325.8	2251.44
1326.37	2347.44
1326.93	2286.44
1327.49	2272.44
1328.06	2247.44
1328.62	2326.44
1329.19	2348.44
1329.75	2307.44
1330.31	2246.44
1330.88	2287.44
1331.44	2248.44
1332	2359.44
1332.56	2335.44
1333.13	2262.44
1333.69	2340.44
1334.25	2285.44
1334.82	2380.44
1335.38	2258.44
1335.94	2228.44
1336.51	2319.44
1337.07	2322.44
1337.63	2302.44
1338.2	2361.44
1338.76	2280.44
1339.32	2312.44
1339.88	2311.44
1340.45	2277.44
1341.01	2333.44
1341.57	2332.44
1342.13	2276.44
1342.7	2339.44
1343.26	2272.44
1343.82	2325.44
1344.38	2301.44
1344.95	2321.44
1345.51	2325.44
1346.07	2292.44
1346.63	2271.44
1347.19	2332.44
1347.75	2321.44
1348.32	2357.44
1348.88	2219.44
1349.44	2276.44
1350	2325.44
1350.56	2251.44
1351.12	2303.44
1351.69	2282.44
1352.25	2265.44
1352.81	2310.44
1353.37	2266.44
1353.93	2320.44
1354.49	2274.44
1355.05	2312.44
1355.61	2357.44
1356.18	2390.44
1356.74	2306.44
1357.3	2340.44
1357.86	2355.44
1358.42	2400.44
1358.98	2303.44
1359.54	2401.44
1360.1	2316.44
1360.66	2344.44
1361.22	2390.44
1361.78	2352.44
1362.34	2360.44
1362.9	2262.44
1363.46	2282.44
1364.02	2277.44
1364.58	2361.44
1365.14	2331.44
1365.7	2308.44
1366.26	2344.44
1366.82	2344.44
1367.38	2283.44
1367.94	2359.44
1368.5	2342.44
1369.06	2324.44
1369.62	2387.44
1370.18	2355.44
1370.74	2341.44
1371.3	2361.44
1371.86	2264.44
1372.42	2396.44
1372.98	2321.44
1373.54	2318.44
1374.1	2288.44
1374.66	2350.44
1375.22	2333.44
1375.78	2400.44
1376.34	2360.44
1376.89	2445.44
1377.45	2326.44
1378.01	2268.44
1378.57	2358.44
1379.13	2344.07
1379.69	2357.44
1380.25	2338.44
1380.81	2338.44
1381.36	2344.44
1381.92	2392.44
1382.48	2297.44
1383.04	2366.44
1383.6	2342.44
1384.15	2384.44
1384.71	2374.44
1385.27	2296.44
1385.83	2338.44
1386.39	2355.44
1386.95	2393.44
1387.5	2283.44
1388.06	2359.44
1388.62	2395.44
1389.18	2323.44
1389.74	2336.44
1390.29	2385.44
1390.85	2349.44
1391.41	2390.44
1391.97	2422.44
1392.52	2289.44
1393.08	2389.44
1393.64	2409.44
1394.19	2381.44
1394.75	2318.44
1395.31	2403.44
1395.87	2382.44
1396.42	2392.44
1396.98	2424.44
1397.54	2413.44
1398.1	2244.44
1398.65	2387.44
1399.21	2334.44
1399.77	2357.44
1400.32	2416.44
1400.88	2332.44
1401.43	2364.44
1401.99	2406.44
1402.55	2405.44
1403.11	2377.44
1403.66	2395.44
1404.22	2337.44
1404.77	2349.44
1405.33	2314.44
1405.89	2313.44
1406.44	2378.44
1407	2318.44
1407.55	2369.44
1408.11	2342.44
1408.67	2274.44
1409.22	2359.44
1409.78	2366.44
1410.33	2422.44
1410.89	2359.44
1411.44	2363.44
1412	2342.44
1412.56	2406.44
1413.11	2415.44
1413.67	2318.44
1414.22	2390.44
1414.78	2390.44
1415.33	2441.44
1415.89	2371.44
1416.44	2352.44
1417	2395.44
1417.55	2352.44
1418.11	2329.44
1418.66	2414.44
1419.22	2421.44
1419.77	2368.44
1420.33	2431.44
1420.88	2429.44
1421.44	2365.44
1421.99	2354.44
1422.55	2474.44
1423.1	2364.44
1423.65	2376.44
1424.21	2435.44
1424.76	2431.44
1425.32	2433.44
1425.87	2387.44
1426.43	2465.44
1426.98	2485.44
1427.53	2417.44
1428.09	2416.44
1428.64	2448.44
1429.19	2467.44
1429.75	2387.44
1430.3	2423.44
1430.86	2451.44
1431.41	2332.44
1431.96	2345.44
1432.52	2363.44
1433.07	2427.44
1433.62	2349.44
1434.18	2394.44
1434.73	2437.44
1435.29	2358.44
1435.84	2424.44
1436.39	2350.44
1436.94	2465.44
1437.5	2403.44
1438.05	2382.44
1438.6	2408.44
1439.16	2450.44
1439.71	2413.39
1440.26	2362.44
1440.82	2413.44
1441.37	2386.44
1441.92	2451.44
1442.47	2430.44
1443.02	2484.44
1443.58	2410.44
1444.13	2414.44
1444.68	2364.44
1445.23	2425.44
1445.79	2403.44
1446.34	2448.44
1446.89	2331.44
1447.44	2425.44
1448	2467.44
1448.55	2474.44
1449.1	2411.44
1449.65	2406.44
1450.2	2462.44
1450.75	2473.44
1451.31	2420.44
1451.86	2437.44
1452.41	2346.44
1452.96	2450.44
1453.51	2450.44
1454.06	2438.44
1454.61	2431.44
1455.17	2445.44
1455.72	2481.44
1456.27	2422.44
1456.82	2460.44
1457.37	2447.44
1457.92	2429.44
1458.47	2469.44
1459.02	2456.44
1459.58	2388.44
1460.13	2443.44
1460.68	2444.44
1461.23	2429.44
1461.78	2440.44
1462.33	2291.44
1462.88	2446.44
1463.43	2419.44
1463.98	2395.44
1464.53	2434.44
1465.08	2442.44
1465.63	2467.44
1466.18	2461.44
1466.73	2451.44
1467.28	2438.44
1467.83	2444.44
1468.38	2532.44
1468.93	2437.44
1469.48	2462.44
1470.03	2465.44
1470.58	2469.44
1471.13	2438.44
1471.68	2483.44
1472.23	2468.44
1472.78	2466.44
1473.33	2444.44
1473.88	2502.44
1474.43	2459.44
1474.98	2478.44
1475.53	2509.44
1476.08	2490.44
1476.63	2508.44
1477.18	2473.44
1477.73	2421.44
1478.27	2506.44
1478.82	2494.44
1479.37	2442.44
1479.92	2521.44
1480.47	2497.44
1481.02	2513.44
1481.57	2464.44
1482.12	2462.44
1482.67	2450.44
1483.21	2447.44
1483.76	2527.44
1484.31	2422.44
1484.86	2475.44
1485.41	2533.44
1485.96	2426.44
1486.51	2363.44
1487.05	2386.44
1487.6	2518.44
1488.15	2513.44
1488.7	2479.44
1489.25	2472.44
1489.79	2459.44
1490.34	2467.44
1490.89	2481.44
1491.44	2482.44
1491.98	2498.44
1492.53	2495.44
1493.08	2497.44
1493.63	2475.44
1494.17	2545.44
1494.72	2504.44
1495.27	2472.44
1495.82	2534.44
1496.36	2522.96
1496.91	2522.96
1497.46	2522.96
1498.01	2522.96
1498.55	2522.96
1499.1	2522.96
1499.65	2522.96
1500.19	2522.96
2700.15	2882.25
2700.62	2882.25
2701.08	2882.25
2701.55	2882.25
2702.02	2882.25
2702.49	2882.25
2702.95	2882.25
2703.42	2882.25
2703.89	2882.25
2704.35	2896.71
2704.82	2863.71
2705.29	2969.71
2705.76	2925.71
2706.22	2851.71
2706.69	2920.71
2707.16	2880.71
2707.62	2878.71
2708.09	2819.71
2708.56	2771.11
2709.02	2963.71
2709.49	2936.71
2709.96	2932.71
2710.42	2875.71
2710.89	2949.71
2711.36	2882.71
2711.82	2905.71
2712.29	2935.71
2712.76	2902.71
2713.22	2941.71
2713.69	2828.71
2714.15	2967.71
2714.62	2821.71
2715.09	2886.71
2715.55	2889.71
2716.02	2915.71
2716.48	2922.71
2716.95	2963.71
2717.42	2917.71
2717.88	2850.71
2718.35	2873.71
2718.81	2909.71
2719.28	3065.71
2719.75	2970.71
2720.21	2873.92
2720.68	2876.06
2721.14	2880.94
2721.61	2857.71
2722.07	2945.71
2722.54	2988.71
2723	2875.71
2723.47	2923.71
2723.93	2870.71
2724.4	2899.71
2724.86	2968.71
2725.33	3049.71
2725.8	2871.71
2726.26	2848.71
2726.73	2952.71
2727.19	2887.71
2727.66	2903.71
2728.12	2898.71
2728.59	2822.71
2729.05	2877.71
2729.52	2901.71
2729.98	2910.71
2730.44	2897.71
2730.91	2850.71
2731.37	2864.71
2731.84	2913.71
2732.3	2887.71
2732.77	2886.71
2733.23	3001.71
2733.7	2918.71
2734.16	2899.71
2734.63	2975.71
2735.09	2931.71
2735.55	2942.71
2736.02	2877.71
2736.48	2883.71
2736.95	2908.71
2737.41	2888.71
2737.88	2846.71
2738.34	2861.71
2738.8	2832.71
2739.27	2913.71
2739.73	2817.71
2740.19	2833.71
2740.66	2765.71
2741.12	2945.71
2741.59	2873.71
2742.05	2858.71
2742.51	2909.71
2742.98	2965.71
2743.44	2849.71
2743.9	2941.71
2744.37	2844.71
2744.83	2929.71
2745.29	2855.71
2745.76	2936.71
2746.22	2915.71
2746.68	2917.71
2747.15	2912.71
2747.61	2868.71
2748.07	2873.71
2748.54	2980.71
2749	2919.71
2749.46	2847.71
2749.92	2892.71
2750.39	2882.71
2750.85	2930.71
2751.31	2965.71
2751.78	2920.71
2752.24	2908.71
2752.7	2977.71
2753.16	2928.71
2753.63	2938.71
2754.09	2869.71
2754.55	2879.71
2755.02	2960.71
2755.48	2871.71
2755.94	2937.71
2756.4	2950.71
2756.86	2959.71
2757.33	2939.71
2757.79	2913.18
2758.25	2898.71
2758.71	2991.71
2759.18	2868.71
2759.64	2860.71
2760.1	2881.71
2760.56	2868.71
2761.02	3004.71
2761.48	2907.71
2761.95	2891.71
2762.41	2917.71
2762.87	2860.71
2763.33	2941.71
2763.79	2902.71
2764.26	2941.71
2764.72	2896.71
2765.18	2966.71
2765.64	2866.71
2766.1	2917.71
2766.56	2833.71
2767.02	2956.71
2767.49	3001.71
2767.95	2937.71
2768.41	2858.71
2768.87	2887.71
2769.33	2839.71
2769.79	2844.71
2770.25	2860.71
2770.71	2864.71
2771.18	2843.71
2771.64	2791.71
2772.1	2817.71
2772.56	2821.71
2773.02	2900.71
2773.48	2886.71
2773.94	2930.71
2774.4	2947.71
2774.86	2932.71
2775.32	2951.71
2775.78	3044.71
2776.24	2941.71
2776.7	3055.71
2777.16	2957.71
2777.62	2986.71
2778.09	2950.71
2778.55	2799.71
2779.01	2867.71
2779.47	2942.71
2779.93	2999.71
2780.39	2899.71
2780.85	2970.71
2781.31	2949.71
2781.77	2911.71
2782.23	2919.71
2782.69	2961.71
2783.15	2953.71
2783.61	2959.71
2784.07	2980.71
2784.53	2929.71
2784.99	2918.71
2785.45	2925.71
2785.91	2930.71
2786.37	2998.71
2786.82	2979.71
2787.28	2954.71
2787.74	2966.71
2788.2	2947.71
2788.66	2911.71
2789.12	2932.71
2789.58	3017.71
2790.04	2949.71
2790.5	2878.71
2790.96	2967.71
2791.42	3002.71
2791.88	2927.71
2792.34	3015.71
2792.8	2900.71
2793.25	3005.71
2793.71	2880.71
2794.17	2917.71
2794.63	3006.71
2795.09	2928.71
2795.55	2973.71
2796.01	2967.71
2796.47	2989.71
2796.92	2949.71
2797.38	3041.71
2797.84	3026.71
2798.3	2960.71
2798.76	2866.71
2799.22	2986.71
2799.68	2946.71
2800.13	2952.71
2800.59	2882.71
2801.05	2905.71
2801.51	2957.71
2801.97	2870.71
2802.43	2965.71
2802.88	2879.71
2803.34	2964.71
2803.8	2971.71
2804.26	2896.71
2804.71	2941.71
2805.17	2928.71
2805.63	3071.71
2806.09	3002.71
2806.55	2935.71
2807	2938.71
2807.46	2954.71
2807.92	2982.71
2808.38	2970.71
2808.83	2913.71
2809.29	2923.71
2809.75	2944.71
2810.21	2955.71
2810.66	3108.71
2811.12	3003.71
2811.58	2970.71
2812.04	3015.71
2812.49	2947.71
2812.95	3035.71
2813.41	2917.71
2813.87	3069.71
2814.32	2996.71
2814.78	2972.71
2815.24	2970.71
2815.69	3029.71
2816.15	2933.71
2816.61	2940.71
2817.06	3007.71
2817.52	2863.71
2817.98	2854.71
2818.43	3002.71
2818.89	2985.71
2819.35	3037.71
2819.8	2883.71
2820.26	2941.71
2820.72	3038.71
2821.17	2977.71
2821.63	2887.71
2822.09	2966.71
2822.54	2918.71
2823	3049.71
2823.45	2995.71
2823.91	3024.71
2824.37	3052.71
2824.82	2970.71
2825.28	3106.71
2825.73	3002.71
2826.19	3056.71
2826.65	3061.71
2827.1	2982.71
2827.56	3016.71
2828.01	3036.71
2828.47	2952.71
2828.93	2960.71
2829.38	3069.71
2829.84	3007.71
2830.29	2984.71
2830.75	2976.71
2831.2	3080.71
2831.66	3058.71
2832.11	2954.71
2832.57	3084.71
2833.02	2955.71
2833.48	3039.71
2833.94	2944.71
2834.39	3021.71
2834.85	2968.71
2835.3	3074.71
2835.76	3111.71
2836.21	2926.71
2836.67	2969.71
2837.12	3048.71
2837.58	3028.71
2838.03	2964.71
2838.49	3033.71
2838.94	3093.71
2839.4	3028.71
2839.85	2945.71
2840.31	2973.71
2840.76	3039.71
2841.21	3012.71
2841.67	3030.71
2842.12	3015.71
2842.58	3084.71
2843.03	2978.71
2843.49	3043.71
2843.94	3036.71
2844.4	2888.71
2844.85	3013.71
2845.3	2972.71
2845.76	2936.71
2846.21	2952.71
2846.67	2980.71
2847.12	2924.71
2847.57	2978.71
2848.03	2957.71
2848.48	2996.71
2848.94	2971.71
2849.39	2872.71
2849.84	2938.71
2850.3	3013.71
2850.75	3072.71
2851.2	3045.71
2851.66	2992.71
2852.11	3107.71
2852.56	3070.71
2853.02	3050.71
2853.47	3103.71
2853.93	3003.71
2854.38	3022.71
2854.83	3088.71
2855.28	3047.71
2855.74	3006.71
2856.19	3028.71
2856.65	3058.71
2857.1	2994.71
2857.55	3033.71
2858	3060.71
2858.46	2999.71
2858.91	3064.71
2859.36	3049.71
2859.82	2920.71
2860.27	3015.71
2860.72	3091.71
2861.17	3040.71
2861.63	3085.71
2862.08	3146.71
2862.53	2985.71
2862.98	3051.71
2863.44	3041.71
2863.89	2993.71
2864.34	3051.71
2864.79	2996.71
2865.25	3039.71
2865.7	3028.71
2866.15	3010.71
2866.6	2991.71
2867.06	3104.71
2867.51	3006.71
2867.96	3102.71
2868.41	3113.71
2868.86	3009.71
2869.32	2993.71
2869.77	2956.71
2870.22	3024.71
2870.67	3090.71
2871.12	3116.71
2871.58	3097.71
2872.03	3006.71
2872.48	3081.71
2872.93	2986.71
2873.38	3073.71
2873.83	3050.71
2874.29	3064.71
2874.74	3108.71
2875.19	3067.71
2875.64	3057.71
2876.09	3111.71
2876.54	3088.71
2876.99	2990.71
2877.44	3056.71
2877.9	3067.71
2878.35	3029.71
2878.8	3102.71
2879.25	3044.71
2879.7	3017.71
2880.15	2969.71
2880.6	3052.71
2881.05	3149.71
2881.5	3101.71
2881.95	3181.71
2882.41	3052.71
2882.86	3078.71
2883.31	3022.71
2883.76	3082.71
2884.21	3146.71
2884.66	3093.71
2885.11	3001.71
2885.56	3013.71
2886.01	3061.71
2886.46	3139.71
2886.91	3121.71
2887.36	3045.71
2887.81	3029.71
2888.26	3124.71
2888.71	2930.71
2889.16	3076.71
2889.61	2951.71
2890.06	3031.71
2890.51	3036.71
2890.96	2925.71
2891.41	3019.71
2891.86	3012.71
2892.31	3025.71
2892.76	3072.59
2893.21	3072.78
2893.66	2888.71
2894.11	2998.71
2894.56	2958.71
2895.01	3081.71
2895.46	3181.71
2895.91	3099.71
2896.36	3093.71
2896.81	3113.71
2897.26	3139.71
2897.71	3136.71
2898.16	3065.71
2898.61	3199.71
2899.06	3001.71
2899.5	3060.71
2899.96	3107.71
2900.4	3131.71
2900.85	3140.71
2901.3	3076.71
2901.75	3110.71
2902.2	3113.71
2902.65	3133.71
2903.1	3079.71
2903.55	3140.71
2903.99	3049.71
2904.44	3144.71
2904.89	3070.71
2905.34	3074.71
2905.79	3102.71
2906.24	3061.71
2906.69	3028.71
2907.14	3123.71
2907.58	3145.71
2908.03	3065.71
2908.48	3137.71
2908.93	3166.71
2909.38	3060.71
2909.82	3117.71
2910.27	3177.71
2910.72	3108.71
2911.17	2944.71
2911.62	3157.71
2912.07	3067.71
2912.51	3115.71
2912.96	3054.71
2913.41	3078.71
2913.86	3128.71
2914.31	3084.71
2914.75	2969.71
2915.2	3085.71
2915.65	3156.71
2916.1	3106.71
2916.54	3115.71
2916.99	3169.71
2917.44	3119.71
2917.89	3087.71
2918.33	3153.71
2918.78	3144.71
2919.23	3083.71
2919.68	3217.71
2920.12	3121.71
2920.57	3133.71
2921.02	3104.71
2921.47	3185.71
2921.91	3083.71
2922.36	3211.71
2922.81	3035.71
2923.25	3030.71
2923.7	3197.71
2924.15	3097.71
2924.59	3160.71
2925.04	2930.71
2925.49	3076.71
2925.94	3131.71
2926.38	3083.71
2926.83	3159.71
2927.27	3133.71
2927.72	3167.71
2928.17	3077.71
2928.61	3139.71
2929.06	3109.71
2929.51	3104.71
2929.95	3107.71
2930.4	3039.71
2930.85	3175.71
2931.29	3144.71
2931.74	3093.71
2932.18	3178.71
2932.63	3170.71
2933.08	3157.71
2933.52	3102.71
2933.97	3072.71
2934.42	3180.71
2934.86	3168.71
2935.31	3168.71
2935.75	3175.71
2936.2	3175.71
2936.64	3143.71
2937.09	3116.71
2937.54	2979.71
2937.98	3131.71
2938.43	3135.71
2938.87	3209.71
2939.32	3185.71
2939.76	3159.71
2940.21	3144.71
2940.65	3197.71
2941.1	3162.71
2941.55	3052.71
2941.99	3090.71
2942.44	3099.71
2942.88	3144.71
2943.33	3070.71
2943.77	3110.71
2944.22	3179.71
2944.66	3187.71
2945.11	3170.71
2945.55	3124.71
2946	3222.71
2946.44	3153.71
2946.89	3063.71
2947.33	3196.71
2947.78	3171.71
2948.22	3185.71
2948.66	3181.71
2949.11	3143.71
2949.55	3156.71
2950	3100.71
2950.44	3159.71
2950.89	3109.71
2951.33	3154.71
2951.78	3236.71
2952.22	3198.71
2952.67	3079.71
2953.11	3194.71
2953.55	3117.71
2954	3194.71
2954.44	3153.71
2954.89	3124.71
2955.33	3082.71
2955.77	3231.71
2956.22	3121.71
2956.66	3145.71
2957.11	3173.71
2957.55	3053.71
2957.99	3168.71
2958.44	3208.71
2958.88	3125.71
2959.32	3195.71
2959.77	3168.71
2960.21	3156.71
2960.66	3179.71
2961.1	3141.71
2961.54	3235.71
2961.99	3206.71
2962.43	3151.71
2962.87	3199.71
2963.31	3014.71
2963.76	3063.71
2964.2	3167.71
2964.64	3103.71
2965.09	3179.71
2965.53	3211.71
2965.97	3221.71
2966.42	3157.71
2966.86	3196.71
2967.3	3198.71
2967.75	3112.71
2968.19	3119.71
2968.63	3214.71
2969.07	3156.71
2969.52	3182.71
2969.96	3179.71
2970.4	3192.71
2970.84	3172.71
2971.29	3154.71
2971.73	3151.71
2972.17	3087.71
2972.61	3184.71
2973.06	3024.71
2973.5	3297.71
2973.94	3131.71
2974.38	3116.71
2974.83	3180.71
2975.27	3067.71
2975.71	3196.71
2976.15	3142.71
2976.6	3064.71
2977.04	3184.71
2977.48	3154.71
2977.92	3102.71
2978.36	3183.71
2978.81	3138.71
2979.25	3039.71
2979.69	3175.71
2980.13	3077.71
2980.57	3053.71
2981.01	3099.71
2981.45	3192.71
2981.9	3137.71
2982.34	3084.71
2982.78	3035.71
2983.22	3150.71
2983.66	3118.71
2984.1	3031.71
2984.55	3104.71
2984.99	3104.71
2985.43	3179.71
2985.87	3228.71
2986.31	3217.71
2986.75	3152.71
2987.19	3102.71
2987.63	3183.71
2988.07	3099.71
2988.52	3202.71
2988.96	3238.71
2989.4	3164.71
2989.84	3173.71
2990.28	3173.71
2990.72	3050.71
2991.16	3263.71
2991.6	3183.71
2992.04	3255.71
2992.48	3168.71
2992.92	3150.71
2993.36	3195.71
2993.8	3189.71
2994.24	3216.71
2994.68	3227.71
2995.12	3099.71
2995.57	3214.71
2996.01	3173.71
2996.45	3165.71
2996.89	3151.71
2997.33	3181.71
2997.77	3159.71
2998.21	3189.71
2998.65	3145.71
2999.09	3122.71
2999.53	3195.71
2999.97	3197.71
3000.41	3120.71
3000.85	3179.71
3001.29	3214.71
3001.73	3186.71
3002.17	3181.71
3002.6	3233.71
3003.04	3093.71
3003.48	3137.71
3003.92	3159.71
3004.36	3110.71
3004.8	3135.71
3005.24	3210.71
3005.68	3205.71
3006.12	3160.71
3006.56	3120.71
3007	3270.71
3007.44	3175.71
3007.88	3157.71
3008.32	3171.71
3008.76	3147.71
3009.19	3161.71
3009.63	3133.71
3010.07	3187.71
3010.51	3146.71
3010.95	3204.71
3011.39	3256.71
3011.83	3184.71
3012.27	3204.71
3012.71	3187.71
3013.14	3195.71
3013.58	3198.71
3014.02	3078.71
3014.46	3194.71
3014.9	3193.71
3015.34	3208.71
3015.78	3252.71
3016.21	3179.71
3016.65	3147.71
3017.09	3166.71
3017.53	3153.71
3017.97	3211.71
3018.4	3290.71
3018.84	3109.71
3019.28	3162.71
3019.72	3214.71
3020.16	3155.71
3020.6	3159.71
3021.03	3104.71
3021.47	3115.71
3021.91	3285.71
3022.35	3174.71
3022.78	3236.71
3023.22	3212.71
3023.66	3179.69
3024.1	3232.59
3024.53	3176.5
3024.97	3211.08
3025.41	3132.98
3025.85	3177.68
3026.28	3103.63
3026.72	3147.24
3027.16	3205.24
3027.6	3171.47
3028.03	3181.46
3028.47	3171.82
3028.91	3173.35
3029.35	3213.74
3029.78	3267.43
3030.22	3124.72
3030.66	3238.21
3031.1	3216.03
3031.53	3245.94
3031.97	3227.08
3032.41	3237.34
3032.84	3222.37
3033.28	3258.11
3033.72	3232.35
3034.15	3223.95
3034.59	3195.86
3035.03	3206.81
3035.46	3154.49
3035.9	3139.11
3036.33	3281.35
3036.77	3207.98
3037.21	3120.12
3037.64	3074.58
3038.08	3105.48
3038.52	3111.26
3038.95	3179.42
3039.39	3257.8
3039.83	3232.59
3040.26	3211.95
3040.7	3116.26
3041.13	3183.84
3041.57	3215.57
3042.01	3282.38
3042.44	3213.98
3042.88	3214.15
3043.31	3283.54
3043.75	3167.28
3044.18	3228.7
3044.62	3198.06
3045.06	3101.4
3045.49	3260.47
3045.93	3119.73
3046.36	3320.42
3046.8	3294.67
3047.23	3226.96
3047.67	3187.42
3048.11	3162.03
3048.54	3187.41
3048.98	3215.71
3049.41	3215.12
3049.85	3219.86
3050.28	3160.27
3050.72	3200.02
3051.15	3131.63
3051.59	3140.9
3052.02	3230.63
3052.46	3245.16
3052.89	3184.86
3053.33	3186.09
3053.76	3285.2
3054.2	3171.1
3054.63	3276.45
3055.07	3265.47
3055.5	3249.2
3055.94	3228.18
3056.37	3224.52
3056.8	3150.09
3057.24	3271.59
3057.67	3213.86
3058.11	3172.22
3058.54	3193.61
3058.98	3200.62
3059.41	3258.23
3059.85	3248.79
3060.28	3194.05
3060.72	3260.66
3061.15	3292.26
3061.58	3292.1
3062.02	3167.36
3062.45	3224.2
3062.89	3153.54
3063.32	3183.92
3063.75	3176.11
3064.19	3228.96
3064.62	3298.93
3065.06	3158.61
3065.49	3216.17
3065.92	3187.74
3066.36	3223.16
3066.79	3229.94
3067.22	3184.07
3067.66	3257.21
3068.09	3155.88
3068.52	3116.95
3068.96	3180.86
3069.39	3203.24
3069.82	3192.23
3070.26	3213.52
3070.69	3237.74
3071.12	3198.92
3071.56	3164.22
3071.99	3287.44
3072.42	3208.51
3072.86	3224.98
3073.29	3267.61
3073.72	3185.88
3074.16	3179.66
3074.59	3296.04
3075.02	3241.05
3075.45	3227.71
3075.89	3223.33
3076.32	3281.27
3076.75	3211.45
3077.19	3240.93
3077.62	3179.43
3078.05	3252.91
3078.48	3258.8
3078.92	3282.41
3079.35	3252.08
3079.78	3258.99
3080.21	3288.03
3080.65	3323.62
3081.08	3254.86
3081.51	3265.48
3081.94	3226.75
3082.38	3278.43
3082.81	3176.97
3083.24	3269.11
3083.67	3289.45
3084.1	3343.82
3084.54	3266.96
3084.97	3212.02
3085.4	3252.25
3085.83	3299.4
3086.26	3238.55
3086.69	3153.02
3087.13	3183.49
3087.56	3237.11
3087.99	3282.46
3088.42	3193.89
3088.85	3137.54
3089.28	3197.72
3089.72	3104.22
3090.15	3188.42
3090.58	3173.97
3091.01	3148.12
3091.44	3143.45
3091.87	3139.71
3092.3	3202.07
3092.74	3180.66
3093.17	3220.81
3093.6	3257.24
3094.03	3257.19
3094.46	3277.47
3094.89	3292.44
3095.32	3164.33
3095.75	3289.24
3096.18	3270.23
3096.61	3245.46
3097.05	3273.65
3097.48	3221.59
3097.91	3236.3
3098.34	3217.94
3098.77	3274.22
3099.2	3254.51
3099.63	3234.7
3100.06	3274.85
3100.49	3267.37
3100.92	3294.47
3101.35	3222.7
3101.78	3235.03
3102.21	3291.52
3102.64	3248.84
3103.07	3329.94
3103.5	3287.49
3103.93	3249.31
3104.36	3338.07
3104.79	3262.32
3105.22	3178.62
3105.65	3222.27
3106.08	3250.82
3106.51	3219.44
3106.94	3278.91
3107.37	3247.31
3107.8	3242.16
3108.23	3287.3
3108.66	3285.91
3109.09	3215.15
3109.52	3234
3109.95	3289.48
3110.38	3302.23
3110.81	3283.93
3111.24	3297.63
3111.67	3274.84
3112.1	3286.98
3112.53	3321.72
3112.96	3283.22
3113.39	3283.17
3113.82	3335.85
3114.25	3278.74
3114.68	3266.95
3115.1	3279.24
3115.53	3300.72
3115.96	3290.56
3116.39	3300.19
3116.82	3265.78
3117.25	3245.04
3117.68	3278.78
3118.11	3266.6
3118.54	3223.27
3118.96	3272.02
3119.39	3250.5
3119.82	3249.44
3120.25	3242.33
3120.68	3236.51
3121.11	3231.61
3121.54	3182.56
3121.96	3156.15
3122.39	3302.63
3122.82	3257.65
3123.25	3312.58
3123.68	3302.29
3124.11	3256.43
3124.54	3221.07
3124.96	3296.31
3125.39	3308.01
3125.82	3254.9
3126.25	3272.4
3126.68	3230.42
3127.1	3254.14
3127.53	3295.9
3127.96	3300.98
3128.39	3178.03
3128.82	3279.42
3129.24	3295.98
3129.67	3330.39
3130.1	3317.33
3130.53	3243.38
3130.96	3318.97
3131.38	3334.3
3131.81	3267.9
3132.24	3267.12
3132.66	3302.76
3133.09	3278.49
3133.52	3157.92
3133.95	3248.11
3134.37	3311.84
3134.8	3256.85
3135.23	3269.97
3135.66	3290.59
3136.08	3310.95
3136.51	3318.28
3136.94	3255.91
3137.36	3262.35
3137.79	3314.76
3138.22	3308.84
3138.65	3295.66
3139.07	3407.11
3139.5	3337.27
3139.93	3320.89
3140.35	3305.75
3140.78	3395.73
3141.21	3362.93
3141.63	3311.09
3142.06	3411.64
3142.49	3295.6
3142.91	3301.96
3143.34	3296.98
3143.77	3371
3144.19	3252.36
3144.62	3212.99
3145.04	3306.7
3145.47	3359.46
3145.9	3318.49
3146.32	3264.46
3146.75	3322.76
3147.17	3357.62
3147.6	3307.53
3148.03	3356.71
3148.45	3222.1
3148.88	3370.73
3149.31	3335.78
3149.73	3308.37
3150.16	3377.49
3150.58	3324.02
3151.01	3295.33
3151.43	3367.52
3151.86	3368.52
3152.29	3345.92
3152.71	3206.4
3153.14	3353.46
3153.56	3332.7
3153.99	3320.52
3154.41	3360.79
3154.46	3408.79
3154.9	3331.79
3155.33	3358.79
3155.76	3338.79
3156.19	3306.79
3156.63	3378.79
3157.06	3369.79
3157.49	3290.79
3157.92	3350.79
3158.35	3302.79
3158.79	3362.79
3159.22	3294.79
3159.65	3294.79
3160.08	3386.79
3160.51	3386.79
3160.95	3299.79
3161.38	3267.79
3161.81	3275.79
3162.24	3232.79
3162.67	3280.79
3163.11	3236.79
3163.54	3367.79
3163.97	3446.79
3164.4	3328.79
3164.83	3235.79
3165.26	3215.79
3165.69	3244.79
3166.13	3381.79
3166.56	3337.79
3166.99	3412.79
3167.42	3425.79
3167.85	3387.79
3168.28	3373.79
3168.71	3350.79
3169.14	3357.88
3169.58	3344.79
3170.01	3294.79
3170.44	3369.79
3170.87	3315.79
3171.3	3409.79
3171.73	3396.79
3172.16	3357.79
3172.59	3373.79
3173.02	3342.79
3173.45	3378.79
3173.88	3350.79
3174.31	3419.79
3174.74	3462.79
3175.18	3400.79
3175.61	3345.79
3176.04	3349.79
3176.47	3444.79
3176.9	3360.79
3177.33	3356.79
3177.76	3384.79
3178.19	3404.79
3178.62	3408.79
3179.05	3368.31
3179.48	3403.79
3179.91	3368.79
3180.34	3413.79
3180.77	3334.79
3181.2	3354.79
3181.63	3396.79
3182.06	3362.79
3182.49	3361.79
3182.92	3443.79
3183.35	3365.79
3183.78	3410.79
3184.21	3290.79
3184.64	3431.79
3185.07	3374.79
3185.5	3511.79
3185.93	3343.79
3186.36	3364.79
3186.78	3313.79
3187.21	3459.79
3187.64	3435.79
3188.07	3309.79
3188.5	3414.79
3188.93	3362.79
3189.36	3387.79
3189.79	3400.79
3190.22	3394.79
3190.65	3310.79
3191.08	3452.79
3191.51	3525.79
3191.94	3434.79
3192.36	3362.79
3192.79	3408.79
3193.22	3479.79
3193.65	3387.79
3194.08	3328.79
3194.51	3436.79
3194.94	3422.79
3195.37	3376.79
3195.79	3399.79
3196.22	3380.79
3196.65	3367.79
3197.08	3426.79
3197.51	3421.79
3197.94	3386.79
3198.36	3444.79
3198.79	3462.79
3199.22	3463.79
3199.65	3409.54
3200.08	3395.79
3200.51	3461.79
3200.94	3476.79
3201.36	3482.79
3201.79	3501.79
3202.22	3396.79
3202.65	3448.79
3203.07	3448.79
3203.5	3385.79
3203.93	3320.79
3204.36	3416.79
3204.79	3407.79
3205.22	3296.79
3205.64	3381.79
3206.07	3306.79
3206.5	3422.57
3206.93	3422.51
3207.35	3423.74
3207.78	3424.51
3208.21	3425.8
3208.64	3466.79
3209.06	3454.79
3209.49	3447.79
3209.92	3474.79
3210.35	3552.79
3210.77	3488.79
3211.2	3431.86
3211.63	3428.79
3212.05	3426.79
3212.48	3457.79
3212.91	3567.79
3213.33	3419.79
3213.76	3445.79
3214.19	3416.79
3214.62	3500.79
3215.04	3437.79
3215.47	3499.79
3215.9	3487.79
3216.32	3467.79
3216.75	3520.79
3217.18	3450.79
3217.6	3468.79
3218.03	3431.79
3218.46	3451.79
3218.88	3431.79
3219.31	3479.79
3219.74	3501.79
3220.16	3470.79
3220.59	3477.79
3221.01	3455.79
3221.44	3509.79
3221.87	3522.79
3222.29	3445.79
3222.72	3444.79
3223.15	3413.79
3223.57	3464.79
3224	3451.79
3224.42	3469.79
3224.85	3430.79
3225.28	3368.79
3225.7	3447.79
3226.13	3463.79
3226.55	3418.79
3226.98	3410.79
3227.41	3432.79
3227.83	3455.79
3228.26	3446.79
3228.68	3499.79
3229.11	3495.79
3229.53	3491.79
3229.96	3435.79
3230.39	3497.79
3230.81	3454.79
3231.24	3481.79
3231.66	3488.79
3232.09	3513.79
3232.51	3463.79
3232.94	3550.79
3233.36	3396.79
3233.79	3427.79
3234.21	3463.79
3234.64	3429.79
3235.06	3557.79
3235.49	3489.79
3235.91	3505.79
3236.34	3456.79
3236.76	3411.79
3237.19	3438.79
3237.61	3457.79
3238.04	3472.79
3238.46	3465.79
3238.89	3455.79
3239.31	3503.79
3239.73	3490.79
3240.16	3463.79
3240.58	3488.79
3241.01	3485.79
3241.43	3430.79
3241.86	3515.79
3242.28	3558.79
3242.71	3509.79
3243.13	3548.79
3243.56	3577.79
3243.98	3455.79
3244.4	3541.79
3244.83	3561.79
3245.25	3507.79
3245.68	3522.79
3246.1	3446.79
3246.52	3434.79
3246.95	3478.79
3247.37	3434.79
3247.8	3419.79
3248.22	3471.79
3248.64	3487.79
3249.07	3503.79
3249.49	3516.79
3249.92	3481.79
3250.34	3475.79
3250.76	3499.79
3251.19	3375.79
3251.61	3490.79
3252.03	3394.79
3252.46	3503.79
3252.88	3388.79
3253.3	3471.79
3253.73	3479.79
3254.15	3547.79
3254.57	3450.79
3255	3374.79
3255.42	3403.79
3255.84	3495.79
3256.26	3512.79
3256.69	3407.79
3257.11	3505.79
3257.53	3407.79
3257.96	3459.79
3258.38	3508.79
3258.8	3531.79
3259.23	3457.79
3259.65	3549.79
3260.07	3607.79
3260.49	3525.79
3260.92	3491.79
3261.34	3531.79
3261.76	3557.79
3262.18	3481.79
3262.61	3441.79
3263.03	3567.79
3263.45	3489.79
3263.87	3446.79
3264.3	3513.79
3264.72	3513.79
3265.14	3442.79
3265.56	3449.79
3265.99	3515.79
3266.41	3471.79
3266.83	3555.79
3267.25	3480.79
3267.67	3433.79
3268.1	3488.79
3268.52	3533.79
3268.94	3649.79
3269.36	3448.79
3269.78	3561.79
3270.21	3486.79
3270.63	3552.79
3271.05	3587.79
3271.47	3532.79
3271.89	3463.79
3272.31	3463.79
3272.74	3519.79
3273.16	3536.79
3273.58	3531.79
3274	3518.79
3274.42	3522.79
3274.84	3529.79
3275.26	3564.79
3275.68	3495.79
3276.11	3541.79
3276.53	3509.94
3276.95	3543.79
3277.37	3486.79
3277.79	3596.79
3278.21	3491.79
3278.63	3556.79
3279.05	3502.79
3279.48	3507.79
3279.9	3493.79
3280.32	3491.79
3280.74	3552.79
3281.16	3499.79
3281.58	3450.79
3282	3575.79
3282.42	3601.79
3282.84	3441.79
3283.26	3584.79
3283.68	3628.79
3284.1	3574.79
3284.52	3459.79
3284.94	3498.79
3285.36	3487.79
3285.78	3483.79
3286.2	3563.79
3286.63	3434.79
3287.05	3554.79
3287.47	3533.79
3287.89	3522.79
3288.31	3518.79
3288.73	3511.79
3289.15	3431.79
3289.57	3543.79
3289.99	3484.79
3290.41	3472.79
3290.83	3485.79
3291.25	3492.79
3291.67	3421.79
3292.09	3417.79
3292.51	3451.79
3292.93	3529.57
3293.35	3527.95
3293.77	3505.79
3294.19	3651.79
3294.6	3591.79
3295.02	3542.79
3295.44	3463.79
3295.86	3455.79
3296.28	3548.79
3296.7	3565.79
3297.12	3527.79
3297.54	3567.79
3297.96	3538.79
3298.38	3574.79
3298.8	3515.79
3299.22	3575.79
3299.64	3571.79
3300.06	3532.79
3300.47	3605.79
3300.89	3446.79
3301.31	3505.79
3301.73	3494.79
3302.15	3506.79
3302.57	3590.79
3302.99	3539.76
3303.41	3526.79
3303.83	3509.79
3304.24	3628.79
3304.66	3467.79
3305.08	3516.79
3305.5	3471.79
3305.92	3532.79
3306.34	3535.79
3306.75	3587.79
3307.17	3557.79
3307.59	3561.79
3308.01	3607.79
3308.43	3494.79
3308.85	3526.79
3309.26	3489.79
3309.68	3615.79
3310.1	3611.79
3310.52	3606.79
3310.94	3519.79
3311.35	3620.79
3311.77	3541.79
3312.19	3570.79
3312.61	3489.79
3313.03	3564.79
3313.44	3633.79
3313.86	3523.79
3314.28	3542.79
3314.7	3551.79
3315.12	3582.79
3315.53	3554.79
3315.95	3528.79
3316.37	3583.79
3316.79	3417.79
3317.2	3525.79
3317.62	3548.79
3318.04	3530.79
3318.46	3603.79
3318.87	3473.79
3319.29	3651.79
3319.71	3644.79
3320.12	3515.79
3320.54	3508.79
3320.96	3520.79
3321.38	3542.79
3321.79	3508.79
3322.21	3508.79
3322.63	3631.79
3323.04	3615.79
3323.46	3599.79
3323.88	3564.79
3324.29	3560.79
3324.71	3578.79
3325.13	3527.79
3325.55	3695.79
3325.96	3593.79
3326.38	3587.79
3326.8	3558.79
3327.21	3557.79
3327.63	3578.79
3328.04	3567.79
3328.46	3665.79
3328.88	3557.79
3329.29	3573.79
3329.71	3500.79
3330.13	3532.79
3330.54	3494.79
3330.96	3625.79
3331.37	3434.05
3331.79	3559.78
3332.21	3627.03
3332.62	3582.57
3333.04	3519.77
3333.46	3618.64
3333.87	3572.93
3334.29	3589.96
3334.7	3576.85
3335.12	3559.05
3335.53	3598.62
3335.95	3616.3
3336.37	3635.15
3336.78	3589.07
3337.2	3643.21
3337.61	3510.64
3338.03	3598.93
3338.44	3608.21
3338.86	3671.62
3339.27	3637.35
3339.69	3608.83
3340.1	3623.34
3340.52	3664.65
3340.94	3606.24
3341.35	3567
3341.77	3530.99
3342.18	3542.94
3342.6	3613.68
3343.01	3618.01
3343.43	3566.88
3343.84	3581.95
3344.26	3553.61
3344.67	3463.37
3345.09	3436.97
3345.5	3470.41
3345.92	3586.25
3346.33	3540.97
3346.75	3603.03
3347.16	3604.22
3347.58	3543.41
3347.99	3539.7
3348.4	3588.87
3348.82	3637.52
3349.23	3566.15
3349.65	3555.77
3350.06	3675.9
3350.48	3608.12
3350.89	3534.08
3351.31	3596.58
3351.72	3673.62
3352.13	3616.41
3352.55	3546.59
3352.96	3670.93
3353.38	3591.38
3353.79	3675.26
3354.2	3607.99
3354.62	3613.3
3355.03	3620.06
3355.45	3615.96
3355.86	3607.46
3356.27	3610.14
3356.69	3588.42
3357.1	3532.07
3357.52	3556.39
3357.93	3652.83
3358.34	3603.59
3358.76	3615.9
3359.17	3645.33
3359.58	3611.31
3360	3555.66
3360.41	3628.69
3360.82	3617
3361.24	3587.62
3361.65	3631.32
3362.06	3576.93
3362.48	3605.07
3362.89	3640.29
3363.3	3618.3
3363.72	3650.87
3364.13	3598.47
3364.54	3600.72
3364.96	3601.81
3365.37	3590.2
3365.78	3646.06
3366.2	3616.9
3366.61	3559.81
3367.02	3581.21
3367.43	3540.79
3367.85	3560.14
3368.26	3597.43
3368.67	3641.5
3369.08	3695.91
3369.5	3653.4
3369.91	3627.83
3370.32	3645.18
3370.74	3707.7
3371.15	3681.05
3371.56	3555.89
3371.97	3572.03
3372.38	3635.65
3372.8	3618.82
3373.21	3674.86
3373.62	3594.82
3374.03	3641.38
3374.45	3560.14
3374.86	3542.34
3375.27	3576.94
3375.68	3595.4
3376.09	3624.51
3376.51	3632.97
3376.92	3637.78
3377.33	3620.28
3377.74	3662.03
3378.15	3627.45
3378.57	3577.19
3378.98	3643.59
3379.39	3629.92
3379.8	3746.32
3380.21	3743.04
3380.62	3683.09
3381.04	3725.36
3381.45	3636.29
3381.86	3705.59
3382.27	3670.36
3382.68	3690.21
3383.09	3481.67
3383.5	3644.1
3383.92	3663.46
3384.33	3647.88
3384.74	3655.4
3385.15	3602.54
3385.56	3622.78
3385.97	3679.49
3386.38	3672.8
3386.79	3666.39
3387.2	3588.74
3387.62	3661.55
3388.03	3565.39
3388.44	3589.07
3388.85	3667.69
3389.26	3613.8
3389.67	3669.26
3390.08	3666.85
3390.49	3701
3390.9	3736.97
3391.31	3682.46
3391.72	3562.98
3392.13	3645.29
3392.54	3622.25
3392.96	3656.26
3393.36	3646.15
3393.77	3630.76
3394.18	3654.74
3394.6	3673.74
3395.01	3674.37
3395.42	3676.31
3395.83	3571.04
3396.24	3579.66
3396.65	3598.99
3397.06	3608.52
3397.47	3608
3397.88	3633
3398.29	3669.65
3398.7	3746.87
3399.11	3731.62
3399.52	3762.89
3399.93	3674.12
3400.34	3664.86
3400.75	3697.62
3401.15	3676.84
3401.56	3711.71
3401.98	3748.15
3402.39	3717.71
3402.79	3753.99
3403.2	3692.2
3403.61	3653.94
3404.02	3700.89
3404.43	3715.4
3404.84	3710.35
3405.25	3727.46
3405.66	3719.53
3406.07	3724.92
3406.48	3710.83
3406.89	3726.82
3407.3	3711.93
3407.7	3662.83
3408.11	3708.46
3408.52	3725.95
3408.93	3679.96
3409.34	3745.86
3409.75	3628.91
3410.16	3760.56
3410.57	3715.94
3410.98	3718.37
3411.39	3656.36
3411.79	3771.13
3412.2	3758
3412.61	3763.04
3413.02	3731.61
3413.43	3766.44
3413.84	3703.16
3414.24	3829.52
3414.65	3770.74
3415.06	3778.57
3415.47	3821.43
3415.88	3751.74
3416.29	3752.34
3416.7	3734.47
3417.1	3726.29
3417.51	3779.74
3417.92	3823.8
3418.33	3738.68
3418.74	3757.8
3419.14	3805.17
3419.55	3765.2
3419.96	3754.46
3420.37	3762.66
3420.78	3791.95
3421.18	3705.65
3421.59	3628.14
3422	3734.26
3422.41	3712.6
3422.81	3756.73
3423.22	3673.61
3423.63	3754.06
3424.04	3746.41
3424.44	3668.28
3424.85	3704.87
3425.26	3691.47
3425.67	3674.46
3426.07	3707.33
3426.48	3773.56
3426.89	3768.15
3427.3	3790.39
3427.7	3724.68
3428.11	3794.18
3428.52	3791.92
3428.92	3787.04
3429.33	3882.91
3429.74	3833.42
3430.15	3798.93
3430.55	3676.36
3430.96	3813.83
3431.37	3853.56
3431.77	3814.4
3432.18	3785.46
3432.59	3870.18
3432.99	3788.65
3433.4	3784.74
3433.81	3864.9
3434.21	3866.24
3434.62	3751.07
3435.03	3851.01
3435.43	3779.69
3435.84	3754.59
3436.25	3755.12
3436.65	3820.73
3437.06	3830.95
3437.47	3801.33
3437.87	3724.05
3438.28	3748.44
3438.68	3855.75
3439.09	3924.29
3439.5	3786.79
3439.9	3917.93
3440.31	3801.75
3440.71	3809.66
3441.12	3713.99
3441.53	3843.45
3441.93	3820.99
3442.34	3770.75
3442.74	3953.5
3443.15	3857.61
3443.56	3821.05
3443.96	3886.27
3444.37	3778.78
3444.77	3769.15
3445.18	3869.34
3445.58	3772.56
3445.99	3821.51
3446.4	3813.16
3446.8	3926.67
3447.21	3849.38
3447.61	3837.34
3448.02	3781.93
3448.42	3811.1
3448.83	3846.25
3449.23	3899.7
3449.64	3857.72
3450.04	3956.62
3450.45	3955.28
3450.85	3951.79
3451.26	3914.72
3451.66	3893.57
3452.07	3921.23
3452.47	3964.65
3452.88	3976.28
3453.28	3880.52
3453.69	3928.67
3454.09	3887.35
3454.5	3815.92
3454.9	3822.42
3455.31	3970.24
3455.71	3821.89
3455.81	3908.89
3456.22	3971.89
3456.63	4049.89
3457.04	3927.89
3457.45	3891.89
3457.86	4123.88
3458.27	4100.88
3458.69	3915.89
3459.1	3967.89
3459.51	3976.89
3459.92	3882.89
3460.33	3930.89
3460.74	4018.89
3461.15	3876.89
3461.56	3957.89
3461.97	3787.89
3462.39	3909.89
3462.8	3925.89
3463.21	3900.89
3463.62	3818.89
3464.03	3906.89
3464.44	3886.89
3464.85	3844.89
3465.26	3853.89
3465.67	3825.89
3466.08	3954.89
3466.49	3958.89
3466.9	3938.89
3467.31	3864.89
3467.72	3966.89
3468.13	3967.89
3468.54	4002.89
3468.95	3863.89
3469.36	3976.89
3469.77	3987.89
3470.18	3922.89
3470.59	3948.89
3471	3807.89
3471.41	4028.89
3471.82	4090.89
3472.23	3906.89
3472.64	4039.89
3473.05	3977.89
3473.46	4046.89
3473.87	3923.89
3474.28	3994.89
3474.69	4012.89
3475.1	4010.89
3475.51	3996.89
3475.92	3932.89
3476.33	4073.89
3476.74	3976.89
3477.15	4062.89
3477.56	3951.89
3477.97	3941.89
3478.38	4031.89
3478.79	3833.89
3479.2	3975.89
3479.61	3959.89
3480.02	3921.89
3480.42	3956.89
3480.83	3902.89
3481.24	4069.89
3481.65	4013.89
3482.06	4160.88
3482.47	3925.89
3482.88	4034.89
3483.29	3992.89
3483.7	4106.88
3484.11	3956.89
3484.51	3894.89
3484.92	4124.88
3485.33	3997.89
3485.74	4000.89
3486.15	4002.89
3486.56	4155.88
3486.97	4040.89
3487.37	4077.89
3487.78	4051.89
3488.19	4010.89
3488.6	3959.89
3489.01	4104.88
3489.42	4124.88
3489.83	4111.88
3490.23	3975.89
3490.64	4035.89
3491.05	4106.88
3491.46	4018.89
3491.87	4057.89
3492.28	4220.88
3492.68	3984.89
3493.09	4102.88
3493.5	4007.89
3493.91	3957.89
3494.31	4153.88
3494.72	4021.89
3495.13	4145.88
3495.54	4178.88
3495.95	4137.88
3496.35	4044.89
3496.76	4091.89
3497.17	4112.88
3497.58	4111.88
3497.99	4058.89
3498.39	4184.88
3498.8	4151.88
3499.21	4083.89
3499.61	4057.89
3500.02	4121.88
3500.43	4217.88
3500.84	4152.88
3501.24	4213.88
3501.65	4008.89
3502.06	4146.88
3502.47	4164.88
3502.87	4134.88
3503.28	4065.89
3503.69	3978.89
3504.09	3992.89
3504.5	4048.89
3504.91	3976.89
3505.31	3881.89
3505.72	3773.89
3506.13	3900.89
3506.53	3910.89
3506.94	3934.89
3507.35	4146.88
3507.76	4052.89
3508.16	4185.88
3508.57	4124.88
3508.98	4176.88
3509.38	4085.89
3509.79	4189.88
3510.2	4152.88
3510.6	4262.88
3511.01	4202.88
3511.41	4323.88
3511.82	4170.88
3512.23	3964.89
3512.63	4141.88
3513.04	4212.88
3513.45	4242.88
3513.85	4176.88
3514.26	4186.88
3514.66	4132.88
3515.07	4235.88
3515.48	4146.88
3515.88	4169.88
3516.29	4124.88
3516.69	4214.88
3517.1	4150.88
3517.51	4295.88
3517.91	4197.88
3518.32	4234.88
3518.72	4240.88
3519.13	4266.88
3519.53	4242.88
3519.94	4119.88
3520.35	4104.88
3520.75	4098.88
3521.16	4178.88
3521.56	4272.88
3521.97	4230.88
3522.37	4204.88
3522.78	4207.88
3523.18	4268.88
3523.59	4180.88
3523.99	4220.88
3524.4	4172.88
3524.8	4219.88
3525.21	4203.88
3525.61	4232.88
3526.02	4316.88
3526.43	4269.88
3526.83	4159.88
3527.23	4278.88
3527.64	4311.88
3528.04	4207.88
3528.45	4201.88
3528.85	4328.88
3529.26	4226.88
3529.66	4298.88
3530.07	4313.88
3530.47	4299.88
3530.88	4200.88
3531.28	4256.88
3531.69	4320.88
3532.09	4321.88
3532.49	4252.88
3532.9	4282.88
3533.3	4195.88
3533.71	4139.88
3534.11	4399.88
3534.52	4191.88
3534.92	4265.88
3535.33	4259.88
3535.73	4210.88
3536.13	4316.88
3536.54	4222.88
3536.94	4213.88
3537.34	4318.88
3537.75	4358.88
3538.15	4266.88
3538.56	4298.88
3538.96	4224.88
3539.37	4306.88
3539.77	4216.88
3540.17	4247.88
3540.58	4220.88
3540.98	4278.88
3541.38	4289.88
3541.79	4287.88
3542.19	4150.88
3542.59	4365.88
3543	4316.88
3543.4	4240.88
3543.8	4266.88
3544.21	4299.88
3544.61	4221.88
3545.01	4221.88
3545.42	4272.88
3545.82	4291.88
3546.22	4334.88
3546.63	4455.88
3547.03	4217.88
3547.43	4320.88
3547.84	4396.88
3548.24	4231.88
3548.64	4258.88
3549.05	4273.88
3549.45	4230.88
3549.85	4236.88
3550.25	4227.88
3550.66	4229.88
3551.06	4264.88
3551.46	4420.88
3551.87	4325.88
3552.27	4263.88
3552.67	4316.88
3553.07	4298.88
3553.47	4278.88
3553.88	4213.88
3554.28	4228.88
3554.68	4205.88
3555.08	4270.88
3555.49	4296.88
3555.89	4292.88
3556.29	4204.88
3556.69	4174.88
3557.1	4085.89
3557.5	4299.88
3557.9	4242.88
3558.3	4184.88
3558.71	4309.88
3559.11	4422.88
3559.51	4273.88
3559.91	4404.88
3560.31	4264.88
3560.71	4310.88
3561.12	4274.88
3561.52	4285.88
3561.92	4251.88
3562.32	4295.88
3562.72	4323.88
3563.12	4291.88
3563.53	4245.88
3563.93	4265.88
3564.33	4282.88
3564.73	4320.88
3565.13	4193.88
3565.54	4245.88
3565.94	4221.88
3566.34	4212.88
3566.74	4256.88
3567.14	4267.88
3567.54	4218.88
3567.94	4105.88
3568.34	4326.88
3568.74	4265.88
3569.15	4306.88
3569.55	4195.88
3569.95	4227.88
3570.35	4267.88
3570.75	4180.88
3571.15	4201.88
3571.55	4179.88
3571.95	4280.88
3572.35	4141.88
3572.75	4187.88
3573.15	4270.88
3573.55	4056.89
3573.96	4140.88
3574.36	4155.88
3574.76	4208.88
3575.16	4072.89
3575.56	4174.88
3575.96	4142.88
3576.36	4153.88
3576.76	4203.88
3577.16	4193.88
3577.56	4226.88
3577.96	4155.88
3578.36	4222.88
3578.76	4212.88
3579.16	4065.89
3579.56	4235.88
3579.96	4206.88
3580.36	4201.88
3580.76	4190.88
3581.16	4092.89
3581.56	4103.88
3581.96	4037.89
3582.36	4111.88
3582.76	4131.88
3583.16	4073.89
3583.56	4200.88
3583.96	3940.89
3584.36	4065.89
3584.76	4034.89
3585.16	4077.89
3585.56	4060.89
3585.96	4040.89
3586.36	3942.89
3586.76	3980.89
3587.16	3833.89
3587.56	3975.89
3587.96	3919.89
3588.35	3916.89
3588.75	4025.89
3589.15	4106.88
3589.55	4071.89
3589.95	4120.88
3590.35	3971.89
3590.75	3847.89
3591.15	3978.89
3591.55	4076.89
3591.95	4081.89
3592.35	3976.89
3592.74	4051.89
3593.14	3984.89
3593.54	3903.89
3593.94	3996.89
3594.34	3854.89
3594.74	4032.89
3595.14	4090.89
3595.54	4035.89
3595.94	3950.89
3596.33	4006.89
3596.73	3855.89
3597.13	4022.89
3597.53	3868.89
3597.93	3954.89
3598.33	3978.89
3598.72	4014.89
3599.12	3870.89
3599.52	3887.89
3599.92	3858.89
3600.32	3922.89
3600.72	3872.89
3601.12	3939.89
3601.51	3988.89
3601.91	3955.89
3602.31	3639.89
3602.71	3927.89
3603.11	3982.89
3603.5	3947.89
3603.9	3902.89
3604.3	3895.89
3604.7	3947.89
3605.09	3886.89
3605.49	3838.89
3605.89	3863.89
3606.29	3811.89
3606.68	3889.89
3607.08	3850.89
3607.48	3870.89
3607.88	3894.89
3608.28	3779.89
3608.67	3818.89
3609.07	3901.89
3609.47	3962.89
3609.86	3894.89
3610.26	3838.89
3610.66	3918.89
3611.06	3812.89
3611.45	3864.89
3611.85	3912.89
3612.25	3922.89
3612.65	3797.89
3613.04	3830.89
3613.44	3894.89
3613.84	3732.89
3614.23	3784.89
3614.63	3792.89
3615.03	3778.89
3615.42	3775.89
3615.82	3806.89
3616.22	3855.89
3616.62	3835.89
3617.01	3796.89
3617.41	3795.89
3617.8	3730.89
3618.2	3717.89
3618.6	3820.89
3618.99	3706.89
3619.39	3788.89
3619.79	3685.89
3620.18	3727.89
3620.58	3801.89
3620.98	3701.89
3621.37	3730.89
3621.77	3686.89
3622.16	3689.89
3622.56	3758.89
3622.96	3829.89
3623.35	3733.89
3623.75	3728.89
3624.15	3671.89
3624.54	3688.89
3624.94	3672.89
3625.33	3759.89
3625.73	3598.85
3626.13	3649.49
3626.52	3611.97
3626.92	3710.21
3627.31	3704.29
3627.71	3697.73
3628.1	3733.89
3628.5	3743.6
3628.9	3631.61
3629.29	3655.63
3629.69	3708.71
3630.08	3693.86
3630.48	3668.96
3630.87	3623.42
3631.27	3602.49
3631.66	3808.47
3632.06	3679.02
3632.46	3677.3
3632.85	3722.41
3633.24	3619.29
3633.64	3550.65
3634.04	3590.75
3634.43	3518.33
3634.83	3589.48
3635.22	3562.69
3635.62	3580.02
3636.01	3500.98
3636.41	3548.11
3636.8	3553.25
3637.2	3532.65
3637.59	3429.39
3637.98	3617.91
3638.38	3623.36
3638.78	3474.86
3639.17	3553.1
3639.56	3482.21
3639.96	3516.82
3640.35	3525.61
3640.75	3459.52
3641.14	3626.38
3641.54	3531.09
3641.93	3452.55
3642.32	3488.35
3642.72	3451.61
3643.11	3415.38
3643.51	3510.35
3643.9	3516.67
3644.3	3427.49
3644.69	3520.63
3645.09	3442.25
3645.48	3395.82
3645.87	3494.67
3646.27	3480.11
3646.66	3478.58
3647.05	3449.01
3647.45	3402.46
3647.84	3163.5
3648.24	3285.33
3648.63	3418.79
3649.02	3402.74
3649.42	3395.33
3649.81	3463.21
3650.2	3381.42
3650.6	3443.95
3650.99	3379.24
3651.39	3351.33
3651.78	3329.37
3652.17	3402.16
3652.57	3400.42
3652.96	3416.57
3653.35	3426.54
3653.75	3312.32
3654.14	3401.63
3654.53	3304.99
3654.93	3377.2
3655.32	3348.58
3655.71	3374.65
3656.11	3309.32
3656.5	3354.94
3656.89	3259.76
3657.29	3283.08
3657.68	3283.43
3658.07	3342.87
3658.46	3277.99
3658.86	3278.23
3659.25	3170.63
3659.64	3212.93
3660.03	3267.33
3660.43	3285.04
3660.82	3336.92
3661.21	3331.82
3661.6	3278.37
3662	3353.22
3662.39	3295.55
3662.78	3292.2
3663.18	3229.05
3663.57	3254.52
3663.96	3188.01
3664.35	3190.91
3664.74	3264.34
3665.14	3182.9
3665.53	3187.16
3665.92	3193.35
3666.31	2998.05
3666.71	3173.89
3667.1	3094.76
3667.49	3158.81
3667.88	3223
3668.27	3218.29
3668.67	3197.75
3669.06	3247.15
3669.45	3207.08
3669.84	3204.41
3670.23	3220.66
3670.62	3177.01
3671.02	3292.92
3671.41	3138.51
3671.8	3228.53
3672.19	3170.27
3672.58	3211
3672.97	3153.73
3673.37	3171.06
3673.76	3225.79
3674.15	3141.63
3674.54	3207.59
3674.93	3123.53
3675.32	3144.73
3675.72	3102.23
3676.11	3084.21
3676.5	3068.94
3676.89	3055.69
3677.28	3108.81
3677.67	3079.65
3678.06	3221.79
3678.45	3155.41
3678.84	3148.61
3679.23	3115.31
3679.63	3093.72
3680.02	3108.01
3680.41	3087.86
3680.8	3135.2
3681.19	3148.42
3681.58	3073.04
3681.97	3159.18
3682.36	3063.91
3682.75	3120.68
3683.14	3115.59
3683.53	3123.2
3683.92	3110.04
3684.31	3016.01
3684.71	3096.94
3685.09	3038.71
3685.49	3009.2
3685.88	2940.52
3686.27	2935.92
3686.66	2956.62
3687.05	3047.17
3687.44	2966.69
3687.83	2978.16
3688.22	2998.12
3688.61	3030.8
3689	3012.7
3689.39	3085.39
3689.78	3070.92
3690.17	3099.84
3690.56	3082.6
3690.95	3064.54
3691.34	3044.09
3691.73	3057.49
3692.12	2965.49
3692.51	3034.46
3692.9	3095.66
3693.29	3074.22
3693.68	3121.66
3694.06	3012.55
3694.45	3020.06
3694.84	3094.33
3695.23	3006.13
3695.62	2982.36
3696.01	3001.86
3696.4	2997.71
3696.79	2960.3
3697.18	3012.49
3697.57	2990.59
3697.96	2975.81
3698.35	3013.83
3698.74	3042.94
3699.13	2998.67
3699.51	3065.74
3699.9	3103.62
3700.29	3015.32
3700.68	3076.85
3701.07	3032.23
3701.46	2994.9
3701.85	2932.43
3702.24	3059.07
3702.63	3126.45
3703.02	2982.47
3703.4	3007.76
3703.79	3002.44
3704.18	3026.9
3704.57	3034.09
3704.96	3004.5
3705.35	3020.86
3705.74	2956.09
3706.12	3017.71
3706.51	2976.93
3706.9	2897.97
3707.29	2892.9
3707.68	3006.73
3708.07	3013.12
3708.46	2999.92
3708.84	3032.69
3709.23	3003.67
3709.62	2965.29
3710.01	3025.62
3710.4	3025.52
3710.78	3029.79
3711.17	2986.72
3711.56	2941.24
3711.95	3020.22
3712.34	2953.45
3712.72	2950.61
3713.11	2930.91
3713.5	2980.35
3713.89	2969.68
3714.27	2932.69
3714.66	2921.78
3715.05	2885.82
3715.44	2963.94
3715.82	2995.03
3716.21	2987.08
3716.6	2968.75
3716.99	2994.91
3717.37	2944.36
3717.76	2995.81
3718.15	3004.98
3718.54	2997.19
3718.92	2943.02
3719.31	3027.32
3719.7	2995.73
3720.09	2970.77
3720.47	2971.89
3720.86	2906.14
3721.25	2950.58
3721.63	2934.65
3722.02	2985.66
3722.41	3035.92
3722.79	2866.56
3723.18	2883.74
3723.57	2967.8
3723.96	2910.28
3724.34	2936.86
3724.73	2948.24
3725.12	2952.36
3725.5	2983.12
3725.89	2930.57
3726.28	2932.88
3726.66	2921.28
3727.05	2919.23
3727.44	2848.1
3727.82	2771.35
3728.21	2951.71
3728.6	2890.24
3728.98	2963.55
3729.37	2908.34
3729.75	2911.2
3730.14	2998.44
3730.53	2964.15
3730.91	2891.39
3731.3	2912.07
3731.68	2943.01
3732.07	2999.58
3732.46	2938.61
3732.84	2976.5
3733.23	2977.87
3733.62	2913.95
3734	2935.06
3734.39	2932.44
3734.77	2958.05
3735.16	2938.36
3735.54	2895.93
3735.93	2966.56
3736.32	2965.7
3736.7	3053.85
3737.09	2974.85
3737.47	2909.54
3737.86	2889.68
3738.24	2902.54
3738.63	3084.1
3739.01	3080.95
3739.4	2926.44
3739.79	2962.39
3740.17	2915.51
3740.56	2988.68
3740.94	2855.78
3741.33	2930.89
3741.71	2987.72
3742.1	2995.14
3742.48	2928.18
3742.55	2956.18
3742.94	2859.18
3743.34	2858.18
3743.73	2864.18
3744.12	2946.18
3744.51	2916.18
3744.9	2964.18
3745.29	2938.18
3745.69	2838.18
3746.08	2906.18
3746.47	2981.18
3746.86	2955.18
3747.25	2966.18
3747.64	2935.18
3748.03	2987.18
3748.43	2911.18
3748.82	2907.18
3749.21	2864.18
3749.6	2856.18
3749.99	2898.18
3750.38	2934.18
3750.77	2894.18
3751.16	2896.18
3751.55	2871.18
3751.95	2866.18
3752.34	2922.18
3752.73	2825.18
3753.12	2792.18
3753.51	2755.18
3753.9	2857.18
3754.29	2751.18
3754.68	2962.18
3755.07	2878.18
3755.46	2892.18
3755.85	2923.18
3756.24	2931.18
3756.63	2943.18
3757.03	2942.18
3757.42	2832.18
3757.81	2882.18
3758.2	2910.18
3758.59	2997.18
3758.98	2923.18
3759.37	2856.18
3759.76	2868.18
3760.15	2901.18
3760.54	2876.18
3760.93	2879.18
3761.32	3011.18
3761.71	2885.18
3762.1	2881.18
3762.49	2857.18
3762.88	2974.18
3763.27	2901.18
3763.66	2991.18
3764.05	2857.18
3764.44	2861.18
3764.83	2969.18
3765.22	2929.18
3765.61	2801.18
3766	2848.18
3766.39	2921.18
3766.78	2997.18
3767.17	2885.18
3767.56	2869.18
3767.94	2870.18
3768.33	2868.18
3768.72	2852.18
3769.11	2834.18
3769.5	2869.18
3769.89	2938.18
3770.28	2869.18
3770.67	2887.18
3771.06	2903.18
3771.45	2940.18
3771.84	2862.18
3772.23	2923.18
3772.62	2930.18
3773.01	2840.18
3773.39	2859.18
3773.78	2875.21
3774.17	2840.18
3774.56	3006.18
3774.95	2837.18
3775.34	2877.18
3775.73	2914.18
3776.12	2829.18
3776.51	2877.18
3776.89	2933.18
3777.28	2983.18
3777.67	2889.18
3778.06	2979.18
3778.45	2875.18
3778.84	2907.18
3779.23	2860.18
3779.61	2842.18
3780	2885.18
3780.39	2853.18
3780.78	2949.18
3781.17	2789.18
3781.56	2868.18
3781.94	2856.18
3782.33	2865.18
3782.72	2877.18
3783.11	2834.18
3783.5	2959.18
3783.89	2883.18
3784.27	2771.18
3784.66	2869.18
3785.05	2879.18
3785.44	2868.18
3785.83	2862.18
3786.21	2890.18
3786.6	2873.18
3786.99	2897.18
3787.38	2957.18
3787.76	2982.18
3788.15	2911.18
3788.54	2830.18
3788.93	2831.18
3789.32	2857.18
3789.7	2833.18
3790.09	2798.18
3790.48	2754.18
3790.87	2779.18
3791.25	2860.26
3791.64	2859.38
3792.03	2858.51
3792.42	2857.77
3792.8	2856.98
3793.19	2857.8
3793.58	2988.18
3793.96	2867.18
3794.35	2825.18
3794.74	2943.18
3795.13	2734.18
3795.51	2814.18
3795.9	2801.18
3796.29	2886.18
3796.67	2829.18
3797.06	2820.18
3797.45	2846.18
3797.83	2869.18
3798.22	2872.18
3798.61	2826.18
3798.99	2850.18
3799.38	2982.18
3799.77	2856.18
3800.15	2840.18
3800.54	2849.18
3800.93	2875.18
3801.31	2813.18
3801.7	2884.18
3802.09	2845.18
3802.47	2762.18
3802.86	2813.18
3803.25	2747.18
3803.63	2874.18
3804.02	2828.18
3804.4	2860.18
3804.79	2905.18
3805.18	2775.18
3805.56	2928.18
3805.95	2885.18
3806.34	2887.18
3806.72	2835.18
3807.11	2863.18
3807.49	2827.18
3807.88	2754.18
3808.26	2787.18
3808.65	2845.18
3809.04	2834.18
3809.42	2800.18
3809.81	2897.18
3810.19	2854.18
3810.58	2799.18
3810.96	2801.18
3811.35	2897.18
3811.74	2808.18
3812.12	2867.18
3812.51	2839.18
3812.89	2831.18
3813.28	2850.18
3813.66	2782.18
3814.05	2810.18
3814.43	2819.18
3814.82	2713.18
3815.21	2819.18
3815.59	2818.18
3815.98	2862.18
3816.36	2864.18
3816.75	2810.18
3817.13	2874.18
3817.52	2899.18
3817.9	2887.18
3818.29	2876.18
3818.67	2787.18
3819.06	2870.18
3819.44	2891.18
3819.82	2822.18
3820.21	2833.18
3820.59	2907.18
3820.98	2825.18
3821.36	2893.18
3821.75	2944.18
3822.13	2775.18
3822.52	2823.18
3822.9	2894.18
3823.29	2883.18
3823.67	2799.18
3824.06	2884.18
3824.44	2811.18
3824.83	2789.18
3825.21	2807.18
3825.59	2815.18
3825.98	2968.18
3826.36	2786.18
3826.75	2805.18
3827.13	2771.18
3827.51	2846.18
3827.9	2862.18
3828.28	2778.18
3828.67	2824.18
3829.05	2847.18
3829.43	2848.18
3829.82	2777.18
3830.2	2875.18
3830.59	2887.18
3830.97	2799.18
3831.35	2898.18
3831.74	2901.18
3832.12	2839.18
3832.51	2851.18
3832.89	2888.18
3833.27	2839.18
3833.66	2797.18
3834.04	2855.18
3834.42	2822.18
3834.81	2825.18
3835.19	2851.18
3835.57	2783.18
3835.96	2735.18
3836.34	2769.18
3836.72	2762.18
3837.11	2817.18
3837.49	2733.18
3837.87	2892.18
3838.26	2805.18
3838.64	2891.18
3839.02	2753.18
3839.41	2753.18
3839.79	2865.18
3840.17	2849.18
3840.55	2844.18
3840.94	2914.18
3841.32	2928.18
3841.7	2829.18
3842.09	2848.18
3842.47	2812.18
3842.85	2822.18
3843.23	2755.18
3843.62	2782.18
3844	2854.18
3844.38	2669.18
3844.76	2710.18
3845.15	2893.18
3845.53	2832.18
3845.91	2715.18
3846.3	2809.18
3846.68	2894.18
3847.06	2794.18
3847.44	2777.18
3847.82	2773.18
3848.21	2815.18
3848.59	2869.18
3848.97	2852.18
3849.35	2779.18
3849.74	2785.18
3850.12	2736.18
3850.5	2856.18
3850.88	2768.18
3851.26	2844.18
3851.64	2869.18
3852.03	2787.18
3852.41	2746.18
3852.79	2746.18
3853.17	2781.18
3853.55	2769.18
3853.94	2730.18
3854.32	2822.18
3854.7	2798.18
3855.08	2856.18
3855.46	2828.18
3855.84	2728.18
3856.22	2754.18
3856.61	2757.18
3856.99	2858.18
3857.37	2813.18
3857.75	2769.18
3858.13	2815.18
3858.51	2775.18
3858.9	2881.18
3859.28	2812.18
3859.66	2856.18
3860.04	2711.18
3860.42	2905.18
3860.8	2629.18
3861.18	2825.18
3861.56	2762.18
3861.94	2783.18
3862.33	2807.18
3862.71	2768.18
3863.09	2811.18
3863.47	2754.18
3863.85	2693.18
3864.23	2759.18
3864.61	2757.18
3864.99	2761.18
3865.37	2835.18
3865.75	2819.18
3866.13	2761.18
3866.51	2743.18
3866.89	2802.18
3867.27	2726.18
3867.66	2779.18
3868.04	2680.18
3868.42	2747.18
3868.8	2573.18
3869.18	2601.18
3869.56	2668.18
3869.94	2674.18
3870.32	2678.18
3870.7	2753.18
3871.08	2773.18
3871.46	2881.18
3871.84	2769.18
3872.22	2760.18
3872.6	2787.18
3872.98	2749.18
3873.36	2725.18
3873.74	2791.18
3874.12	2824.18
3874.5	2799.18
3874.88	2803.18
3875.26	2656.18
3875.64	2748.18
3876.02	2811.18
3876.4	2803.18
3876.78	2911.18
3877.16	2836.18
3877.54	2798.18
3877.92	2798.18
3878.29	2664.18
3878.67	2773.18
3879.05	2755.18
3879.43	2798.18
3879.81	2709.18
3880.19	2720.18
3880.57	2839.18
3880.95	2831.18
3881.33	2840.18
3881.71	2797.18
3882.09	2794.18
3882.47	2707.18
3882.85	2707.18
3883.22	2783.18
3883.6	2843.18
3883.98	2839.18
3884.36	2768.18
3884.74	2837.18
3885.12	2793.18
3885.5	2719.18
3885.88	2739.18
3886.26	2841.18
3886.64	2740.18
3887.01	2771.18
3887.39	2747.18
3887.77	2728.18
3888.15	2711.18
3888.53	2728.18
3888.91	2714.18
3889.28	2743.18
3889.66	2836.18
3890.04	2739.18
3890.42	2714.18
3890.8	2797.18
3891.18	2735.18
3891.56	2743.18
3891.93	2720.18
3892.31	2724.18
3892.69	2801.18
3893.07	2766.18
3893.45	2755.18
3893.83	2755.18
3894.2	2760.18
3894.58	2645.18
3894.96	2599.18
3895.34	2749.18
3895.71	2644.18
3896.09	2804.18
3896.47	2697.18
3896.85	2700.18
3897.23	2719.18
3897.6	2802.18
3897.98	2732.72
3898.36	2754.18
3898.74	2820.18
3899.11	2724.18
3899.49	2710.18
3899.87	2738.18
3900.25	2745.18
3900.62	2705.18
3901	2703.18
3901.38	2792.18
3901.76	2758.18
3902.13	2693.18
3902.51	2768.18
3902.89	2664.18
3903.27	2732.18
3903.64	2863.18
3904.02	2827.18
3904.4	2648.18
3904.77	2702.18
3905.15	2752.18
3905.53	2654.18
3905.91	2819.18
3906.28	2685.18
3906.66	2692.18
3907.04	2827.18
3907.41	2695.18
3907.79	2662.18
3908.17	2656.18
3908.54	2761.18
3908.92	2719.18
3909.3	2721.18
3909.67	2658.18
3910.05	2703.18
3910.43	2738.18
3910.8	2770.18
3911.18	2773.18
3911.56	2739.18
3911.93	2747.18
3912.31	2755.18
3912.69	2752.18
3913.06	2673.18
3913.44	2653.18
3913.81	2736.18
3914.19	2782.18
3914.57	2652.18
3914.94	2670.18
3915.32	2699.18
3915.7	2641.18
3916.07	2683.18
3916.45	2652.18
3916.82	2600.18
3917.2	2712.18
3917.57	2674.18
3917.95	2756.18
3918.33	2718.18
3918.7	2673.18
3919.08	2620.18
3919.45	2709.18
3919.83	2733.18
3920.21	2640.18
3920.58	2685.18
3920.96	2713.18
3921.33	2635.18
3921.71	2702.18
3922.08	2686.18
3922.46	2716.18
3922.83	2671.18
3923.21	2686.18
3923.59	2704.18
3923.96	2744.18
3924.34	2719.18
3924.71	2691.18
3925.09	2714.18
3925.46	2662.18
3925.84	2669.18
3926.21	2702.18
3926.59	2712.18
3926.96	2725.18
3927.34	2690.18
3927.71	2629.18
3928.09	2634.18
3928.46	2702.18
3928.84	2651.18
3929.21	2699.18
3929.59	2667.18
3929.96	2705.18
3930.34	2746.18
3930.71	2697.18
3931.08	2745.18
3931.46	2706.18
3931.83	2621.18
3932.21	2666.18
3932.58	2814.18
3932.96	2666.18
3933.33	2725.18
3933.71	2660.18
3934.08	2641.18
3934.46	2646.18
3934.83	2742.18
3935.2	2646.18
3935.58	2711.18
3935.95	2629.18
3936.33	2586.18
3936.7	2748.18
3937.08	2651.18
3937.45	2702.18
3937.82	2742.18
3938.2	2641.18
3938.57	2671.18
3938.95	2696.18
3939.32	2659.18
3939.69	2721.18
3940.07	2728.18
3940.44	2741.18
3940.81	2739.18
3941.19	2700.18
3941.56	2726.18
3941.94	2641.18
3942.31	2647.18
3942.68	2686.18
3943.06	2664.18
3943.43	2645.18
3943.8	2626.18
3944.18	2557.18
3944.55	2644.18
3944.92	2599.18
3945.3	2565.18
3945.67	2584.18
3946.04	2607.18
3946.42	2630.18
3946.79	2653.18
3947.16	2669.18
3947.54	2545.18
3947.91	2673.18
3948.28	2609.18
3948.66	2573.18
3949.03	2667.18
3949.4	2593.18
3949.78	2627.18
3950.15	2620.18
3950.52	2644.18
3950.89	2750.18
3951.27	2598.18
3951.64	2607.18
3952.01	2609.18
3952.38	2650.18
3952.76	2673.18
3953.13	2653.18
3953.5	2679.18
3953.88	2612.18
3954.25	2635.18
3954.62	2630.18
3954.99	2648.18
3955.37	2643.18
3955.74	2679.18
3956.11	2559.18
3956.48	2628.18
3956.85	2643.18
3957.23	2666.18
3957.6	2777.18
3957.97	2680.18
3958.34	2651.18
3958.72	2696.18
3959.09	2594.18
3959.46	2689.18
3959.83	2679.18
3960.2	2640.18
3960.58	2596.18
3960.95	2643.18
3961.32	2565.18
3961.69	2624.18
3962.06	2546.18
3962.44	2608.18
3962.81	2598.18
3963.18	2432.18
3963.55	2509.18
3963.92	2589.18
3964.29	2559.18
3964.66	2694.18
3965.04	2618.18
3965.41	2596.18
3965.78	2650.18
3966.15	2573.18
3966.52	2691.18
3966.89	2636.18
3967.27	2617.18
3967.64	2681.18
3968.01	2623.18
3968.38	2627.18
3968.75	2575.18
3969.12	2657.18
3969.49	2527.18
3969.86	2642.18
3970.24	2686.18
3970.61	2620.18
3970.98	2602.18
3971.35	2599.18
3971.72	2637.18
3972.09	2656.18
3972.46	2694.18
3972.83	2544.18
3973.2	2708.18
3973.57	2589.18
3973.94	2613.18
3974.31	2630.18
3974.69	2672.18
3975.06	2601.18
3975.43	2587.18
3975.8	2649.18
3976.17	2612.91
3976.54	2640.18
3976.91	2621.18
3977.28	2593.18
3977.65	2605.71
3978.02	2379.18
3978.39	2601.18
3978.76	2641.18
3979.13	2678.18
3979.5	2537.18
3979.87	2567.18
3980.24	2544.18
3980.61	2479.18
3980.98	2596.18
3981.35	2621.18
3981.72	2622.18
3982.09	2597.18
3982.46	2656.18
3982.83	2481.18
3983.2	2636.18
3983.57	2557.18
3983.94	2569.18
3984.31	2657.18
3984.68	2584.18
3985.05	2609.18
3985.42	2576.18
3985.79	2670.18
3986.16	2629.18
3986.53	2576.18
3986.9	2629.18
3987.27	2599.18
3987.64	2592.18
3988.01	2624.18
3988.38	2627.18
3988.74	2534.18
3989.11	2644.18
3989.48	2640.18
3989.85	2626.18
3990.22	2572.18
3990.59	2630.18
3990.96	2633.18
3991.33	2631.18
3991.7	2652.18
3992.07	2602.18
3992.44	2594.18
3992.81	2627.18
3993.17	2573.18
3993.54	2613.18
3993.91	2622.18
3994.28	2558.18
3994.65	2572.18
3995.02	2529.18
3995.39	2518.18
3995.76	2540.18
3996.13	2567.18
3996.49	2619.18
3996.86	2580.18
3997.23	2569.18
3997.6	2649.18
3997.97	2556.18
3998.34	2553.18
3998.7	2621.18
3999.07	2638.18
3999.44	2426.18
3999.81	2493.18
